# Moment        
# CofR          : (0.00000000e+00 0.00000000e+00 0.00000000e+00)
#
# Time          	total_x total_y total_z	pressure_x pressure_y pressure_z	viscous_x viscous_y viscous_z
10               1.36718413e-04 1.64646310e-04 7.19018001e-06 1.34222683e-04 1.66090322e-04 7.14896740e-06 2.49572987e-06 -1.44401230e-06 4.12126082e-08
20               -3.89617145e-05 5.46314366e-07 1.82194963e-05 -3.91724881e-05 -9.39847600e-07 1.55580073e-05 2.10773628e-07 1.48616197e-06 2.66148907e-06
30               -4.35821899e-05 5.27517876e-06 2.96202076e-05 -4.38237505e-05 5.20580616e-06 2.92328743e-05 2.41560550e-07 6.93725990e-08 3.87333321e-07
40               -5.50325911e-05 8.20825637e-06 4.40011233e-05 -5.60210195e-05 7.21046243e-06 4.60201751e-05 9.88428355e-07 9.97793948e-07 -2.01905180e-06
50               4.99968933e-05 -4.39355509e-05 6.61401912e-06 4.92243730e-05 -4.52920415e-05 6.73410758e-06 7.72520306e-07 1.35649057e-06 -1.20088453e-07
60               6.78493722e-05 -7.84808703e-05 -3.78604802e-05 6.63905679e-05 -7.87155306e-05 -3.74897222e-05 1.45880431e-06 2.34660229e-07 -3.70757938e-07
70               8.94924282e-05 -8.85744224e-06 -2.67733587e-05 8.77877407e-05 -9.19087409e-06 -2.64258154e-05 1.70468753e-06 3.33431856e-07 -3.47543244e-07
80               1.24819153e-04 7.51282167e-05 -2.22941344e-05 1.22500474e-04 7.45086324e-05 -2.22293251e-05 2.31867913e-06 6.19584346e-07 -6.48093504e-08
90               1.54265307e-04 1.21914760e-04 -7.46227509e-06 1.51721436e-04 1.20715195e-04 -7.52782300e-06 2.54387102e-06 1.19956489e-06 6.55479129e-08
100              1.96935860e-04 1.46863235e-04 4.25840458e-06 1.94207396e-04 1.45221306e-04 4.17839557e-06 2.72846408e-06 1.64192868e-06 8.00090052e-08
110              2.17052568e-04 1.61772702e-04 5.80975490e-06 2.14264868e-04 1.59870299e-04 5.77979540e-06 2.78770041e-06 1.90240262e-06 2.99594988e-08
120              2.09403838e-04 1.64439678e-04 8.22952439e-06 2.06643261e-04 1.62349219e-04 8.22331845e-06 2.76057620e-06 2.09045963e-06 6.20593339e-09
130              2.03254745e-04 1.55837378e-04 1.11488489e-05 2.00571962e-04 1.53674429e-04 1.11031381e-05 2.68278324e-06 2.16294806e-06 4.57107919e-08
140              1.99711154e-04 1.44201176e-04 1.27999692e-05 1.97109358e-04 1.42066479e-04 1.27604072e-05 2.60179664e-06 2.13469694e-06 3.95619816e-08
150              1.90940029e-04 1.32848970e-04 1.33650775e-05 1.88417442e-04 1.30792264e-04 1.32920612e-05 2.52258747e-06 2.05670649e-06 7.30162472e-08
160              1.79112328e-04 1.20700777e-04 1.37281687e-05 1.76701646e-04 1.18759242e-04 1.36499473e-05 2.41068286e-06 1.94153465e-06 7.82214122e-08
170              1.68709881e-04 1.07885259e-04 1.46000326e-05 1.66433283e-04 1.06067697e-04 1.45476130e-05 2.27659822e-06 1.81756194e-06 5.24195887e-08
180              1.60313698e-04 9.61737786e-05 1.51345746e-05 1.58170445e-04 9.44924505e-05 1.50812200e-05 2.14325322e-06 1.68132809e-06 5.33545465e-08
190              1.52851463e-04 8.60723508e-05 1.50932759e-05 1.50821930e-04 8.45150160e-05 1.50220533e-05 2.02953271e-06 1.55733481e-06 7.12226326e-08
200              1.46252248e-04 7.75339258e-05 1.46497287e-05 1.44327420e-04 7.60917242e-05 1.45584667e-05 1.92482867e-06 1.44220153e-06 9.12619867e-08
210              1.40627575e-04 7.00090900e-05 1.38362957e-05 1.38795145e-04 6.86596954e-05 1.37321066e-05 1.83242952e-06 1.34939456e-06 1.04189096e-07
220              1.35740498e-04 6.31475680e-05 1.30304873e-05 1.33988596e-04 6.18762982e-05 1.29005969e-05 1.75190186e-06 1.27126982e-06 1.29890410e-07
230              1.31345484e-04 5.71624844e-05 1.22862655e-05 1.29668496e-04 5.59834651e-05 1.21372180e-05 1.67698826e-06 1.17901934e-06 1.49047455e-07
240              1.27371839e-04 5.17319488e-05 1.15707344e-05 1.25750618e-04 5.06279982e-05 1.14014383e-05 1.62122161e-06 1.10395061e-06 1.69296140e-07
250              1.23577223e-04 4.68169527e-05 1.05693323e-05 1.22002819e-04 4.57791427e-05 1.03791554e-05 1.57440348e-06 1.03781006e-06 1.90176848e-07
260              1.20174324e-04 4.20046731e-05 1.01158110e-05 1.18656583e-04 4.10278093e-05 9.92220909e-06 1.51774096e-06 9.76863804e-07 1.93601951e-07
270              1.17087351e-04 3.74255080e-05 1.07001564e-05 1.15613096e-04 3.64992713e-05 1.05088082e-05 1.47425545e-06 9.26236701e-07 1.91348158e-07
280              1.13720285e-04 3.33595922e-05 1.14846947e-05 1.12292289e-04 3.24819091e-05 1.12933948e-05 1.42799591e-06 8.77683102e-07 1.91299898e-07
290              1.10282682e-04 2.95306967e-05 1.17396890e-05 1.08900340e-04 2.87148559e-05 1.15424291e-05 1.38234129e-06 8.15840842e-07 1.97259960e-07
300              1.06792844e-04 2.59377363e-05 1.13419829e-05 1.05460316e-04 2.51670242e-05 1.11404877e-05 1.33252759e-06 7.70712069e-07 2.01495160e-07
310              1.03282604e-04 2.24901944e-05 1.05830768e-05 1.01992783e-04 2.17542773e-05 1.03865709e-05 1.28982186e-06 7.35917078e-07 1.96505921e-07
320              9.96211858e-05 1.92706386e-05 9.58418111e-06 9.83767862e-05 1.85672990e-05 9.39062617e-06 1.24439951e-06 7.03339564e-07 1.93554940e-07
330              9.60036569e-05 1.62990366e-05 8.55854824e-06 9.48008882e-05 1.56349199e-05 8.37096149e-06 1.20276862e-06 6.64116649e-07 1.87586747e-07
340              9.24422509e-05 1.34711337e-05 7.26889813e-06 9.12753582e-05 1.28506207e-05 7.08235514e-06 1.16689267e-06 6.20513008e-07 1.86542980e-07
350              8.89921752e-05 1.07199022e-05 5.83764894e-06 8.78650455e-05 1.01370614e-05 5.64934018e-06 1.12712974e-06 5.82840799e-07 1.88308752e-07
360              8.56476354e-05 8.24255201e-06 4.68672145e-06 8.45710672e-05 7.69774817e-06 4.48980561e-06 1.07656817e-06 5.44803834e-07 1.96915837e-07
370              8.23854089e-05 6.11944976e-06 3.86138948e-06 8.13504267e-05 5.59644438e-06 3.66059895e-06 1.03498216e-06 5.23005383e-07 2.00790529e-07
380              7.92445205e-05 3.92417621e-06 3.46335688e-06 7.82665565e-05 3.42937243e-06 3.26673041e-06 9.77964000e-07 4.94803780e-07 1.96626461e-07
390              7.65372405e-05 2.03514961e-06 3.63692321e-06 7.56187861e-05 1.56312438e-06 3.44470924e-06 9.18454336e-07 4.72025237e-07 1.92213977e-07
400              7.40431265e-05 1.07489240e-07 4.02191905e-06 7.31828375e-05 -3.37417239e-07 3.82186851e-06 8.60288972e-07 4.44906478e-07 2.00050541e-07
410              7.17249220e-05 -1.50879901e-06 4.36818925e-06 7.08904509e-05 -1.92853000e-06 4.16262620e-06 8.34471062e-07 4.19730994e-07 2.05563047e-07
420              6.93318131e-05 -3.29170647e-06 4.50848872e-06 6.85215551e-05 -3.69285554e-06 4.30521977e-06 8.10258030e-07 4.01149070e-07 2.03268942e-07
430              6.71833128e-05 -5.20881231e-06 4.98733288e-06 6.64101532e-05 -5.59994118e-06 4.78900176e-06 7.73159559e-07 3.91128870e-07 1.98331120e-07
440              6.53703269e-05 -7.06763216e-06 4.69027577e-06 6.46336044e-05 -7.45668161e-06 4.48594732e-06 7.36722491e-07 3.89049444e-07 2.04328447e-07
450              6.37085818e-05 -8.46459958e-06 4.20159943e-06 6.30051832e-05 -8.84033629e-06 4.00077690e-06 7.03398633e-07 3.75736709e-07 2.00822523e-07
460              6.24532434e-05 -9.71665751e-06 3.90989002e-06 6.17789033e-05 -1.00771100e-05 3.71504045e-06 6.74340044e-07 3.60452444e-07 1.94849565e-07
470              6.10228608e-05 -1.08051394e-05 3.62595000e-06 6.03636159e-05 -1.11575456e-05 3.43849743e-06 6.59244866e-07 3.52406263e-07 1.87452568e-07
480              5.96195035e-05 -1.16304484e-05 3.46832766e-06 5.89718228e-05 -1.19828788e-05 3.28614704e-06 6.47680684e-07 3.52430382e-07 1.82180619e-07
490              5.85408070e-05 -1.24446228e-05 3.61173502e-06 5.79017881e-05 -1.27988746e-05 3.42709738e-06 6.39018834e-07 3.54251873e-07 1.84637642e-07
500              5.77445424e-05 -1.32011044e-05 3.82277904e-06 5.71186754e-05 -1.35459360e-05 3.62871447e-06 6.25866997e-07 3.44831551e-07 1.94064565e-07
