# Force and moment coefficients
# dragDir       : (0.00000000e+00 0.00000000e+00 1.00000000e+00)
# sideDir       : (1.00000000e+00 0.00000000e+00 0.00000000e+00)
# liftDir       : (0.00000000e+00 1.00000000e+00 0.00000000e+00)
# rollAxis      : (0.00000000e+00 0.00000000e+00 1.00000000e+00)
# pitchAxis     : (1.00000000e+00 0.00000000e+00 0.00000000e+00)
# yawAxis       : (0.00000000e+00 1.00000000e+00 0.00000000e+00)
# magUInf       : 1.00000000e+00
# lRef          : 4.00040000e-02
# Aref          : 2.40048000e-04
# CofR          : (0.00000000e+00 0.00000000e+00 0.00000000e+00)
#
# Time          	Cd              	Cd(f)           	Cd(r)           	Cl              	Cl(f)           	Cl(r)           	CmPitch         	CmRoll          	CmYaw           	Cs              	Cs(f)           	Cs(r)           
10              	1.59651384e+02	7.98208855e+01	7.98304982e+01	2.19140837e-02	5.16135957e-01	-4.94221873e-01	5.05178915e-01	-4.80635906e-03	-3.32972298e-01	-4.79820297e-01	-5.72882447e-01	9.30621494e-02
20              	-2.48795226e+00	-1.27914660e+00	-1.20880565e+00	-4.39977918e-01	-2.58886893e-01	-1.81091025e-01	-3.88979336e-02	-3.51704746e-02	-2.23400238e-01	-3.85815225e-01	-4.16307851e-01	3.04926254e-02
30              	-1.41079201e+00	-7.19754564e-01	-6.91037447e-01	-1.48843928e-01	-1.21861367e-01	-2.69825612e-02	-4.74394028e-02	-1.43585587e-02	3.89767322e-02	4.62304403e-02	6.20919524e-02	-1.58615120e-02
40              	1.09862412e+00	5.40910921e-01	5.57713200e-01	-2.40482036e-01	-1.79372680e-01	-6.11093556e-02	-5.91316623e-02	-8.40113911e-03	7.78004609e-03	3.17536537e-02	2.36568730e-02	8.09678077e-03
50              	1.52880301e+00	7.55490167e-01	7.73312839e-01	-3.89398005e-02	-6.69256200e-02	2.79858195e-02	-4.74557197e-02	-8.91133576e-03	-7.88471210e-04	-3.09195013e-03	-2.33444627e-03	-7.57503853e-04
60              	1.54049073e+00	7.75737656e-01	7.64753077e-01	2.04776873e-01	6.64824738e-02	1.38294399e-01	-3.59059626e-02	5.49228937e-03	-8.28231897e-03	-1.12439091e-01	-6.45018645e-02	-4.79372265e-02
70              	1.52829420e+00	7.67028175e-01	7.61266029e-01	1.60483605e-01	6.34909960e-02	9.69926086e-02	-1.67508063e-02	2.88107321e-03	-5.02048181e-04	-7.70873576e-02	-3.90457270e-02	-3.80416306e-02
80              	1.62213302e+00	8.14383262e-01	8.07749756e-01	9.85480053e-02	3.80670271e-02	6.04809781e-02	-1.12069755e-02	3.31675328e-03	-1.96528649e-03	-2.33883538e-02	-1.36594634e-02	-9.72889043e-03
90              	1.66182110e+00	8.32336211e-01	8.29484893e-01	-2.37824941e-02	-2.89778434e-02	5.19534932e-03	-1.70865964e-02	1.42565871e-03	-6.92654862e-03	1.59385160e-02	1.04270937e-03	1.48958066e-02
100             	1.69145533e+00	8.43500278e-01	8.47955051e-01	-9.20081396e-02	-6.77595208e-02	-2.42486189e-02	-2.17554509e-02	-2.22738650e-03	-1.04638103e-02	4.07352194e-02	9.90379938e-03	3.08314200e-02
110             	1.74365637e+00	8.68249939e-01	8.75406427e-01	-9.63945412e-02	-7.18898493e-02	-2.45046919e-02	-2.36925787e-02	-3.57824394e-03	-9.91349020e-03	6.48524971e-02	2.25127583e-02	4.23397387e-02
120             	1.74286040e+00	8.65945644e-01	8.76914752e-01	-5.12983987e-02	-3.36526622e-02	-1.76457365e-02	-8.00346283e-03	-5.48455420e-03	-8.32277045e-03	5.31566479e-02	1.82555535e-02	3.49010944e-02
130             	1.70277749e+00	8.42934918e-01	8.59842572e-01	-1.83696675e-02	-8.05331858e-03	-1.03163489e-02	1.13151518e-03	-8.45382701e-03	-9.06049117e-03	6.76469583e-02	2.47629880e-02	4.28839703e-02
140             	1.67591495e+00	8.30359816e-01	8.45555133e-01	-2.90818817e-03	-5.58779797e-04	-2.34940837e-03	8.95314286e-04	-7.59765843e-03	-1.01361702e-02	9.26753205e-02	3.62014900e-02	5.64738305e-02
150             	1.66450798e+00	8.29398744e-01	8.35109237e-01	2.20498370e-02	6.61640058e-03	1.54334365e-02	-4.40851794e-03	-2.85524657e-03	-1.48480225e-02	8.67692807e-02	2.85366179e-02	5.82326628e-02
160             	1.62981775e+00	8.16566109e-01	8.13251646e-01	2.72345490e-02	6.24805069e-03	2.09864984e-02	-7.36922383e-03	1.65723109e-03	-2.02817157e-02	6.90339088e-02	1.42352387e-02	5.47986701e-02
170             	1.59537297e+00	7.98068885e-01	7.97304085e-01	5.14775571e-03	-3.31273183e-03	8.46048753e-03	-5.88660968e-03	3.82399924e-04	-2.07472874e-02	3.85800910e-02	-1.45724194e-03	4.00373329e-02
180             	1.58822167e+00	7.93141798e-01	7.95079872e-01	-1.81912924e-02	-1.37469094e-02	-4.44438299e-03	-4.65126322e-03	-9.69037148e-04	-1.53772976e-02	5.59832425e-03	-1.25781354e-02	1.81764597e-02
190             	1.59088835e+00	7.97451129e-01	7.93437216e-01	-1.39760526e-02	-9.31912510e-03	-4.65692752e-03	-2.33109879e-03	2.00695651e-03	-9.69118446e-03	7.86171471e-03	-5.76032711e-03	1.36220418e-02
200             	1.58733460e+00	7.95091724e-01	7.92242874e-01	-8.00687716e-03	-2.06401429e-03	-5.94286287e-03	1.93942429e-03	1.42442474e-03	-4.83283008e-03	1.15293243e-02	9.31832087e-04	1.05974923e-02
210             	1.59189996e+00	7.96482567e-01	7.95417393e-01	-3.26740464e-03	1.15196160e-03	-4.41936623e-03	2.78566391e-03	5.32587005e-04	-1.41211585e-03	7.16639490e-03	2.17108160e-03	4.99531331e-03
220             	1.59505016e+00	7.97839226e-01	7.97210939e-01	1.48708334e-03	3.81415788e-03	-2.32707454e-03	3.07061621e-03	3.14143566e-04	2.46595942e-04	3.31407049e-03	1.90363119e-03	1.41043930e-03
230             	1.59288815e+00	7.96792158e-01	7.96095988e-01	3.71375008e-04	3.13595292e-03	-2.76457791e-03	2.95026541e-03	3.48084623e-04	3.89903894e-04	6.04852559e-03	3.41416669e-03	2.63435890e-03
240             	1.59295469e+00	7.96741978e-01	7.96212708e-01	1.40755268e-03	3.21260074e-03	-1.80504806e-03	2.50882440e-03	2.64634908e-04	-3.27264349e-04	5.26970693e-03	2.30758912e-03	2.96211782e-03
250             	1.59779672e+00	7.99091024e-01	7.98705699e-01	9.47266435e-04	2.74900343e-03	-1.80173700e-03	2.27537022e-03	1.92662412e-04	-1.29938001e-03	7.70293257e-03	2.55208628e-03	5.15084629e-03
260             	1.60524273e+00	8.02797478e-01	8.02445253e-01	3.04833914e-04	2.31977577e-03	-2.01494185e-03	2.16735881e-03	1.76112302e-04	-2.44804212e-03	7.58170293e-03	1.34280935e-03	6.23889358e-03
270             	1.61128906e+00	8.05824997e-01	8.05464059e-01	-9.03514825e-04	1.79362143e-03	-2.69713625e-03	2.24537884e-03	1.80469323e-04	-3.79946307e-03	8.26959327e-03	3.35333569e-04	7.93425970e-03
280             	1.61674180e+00	8.08505523e-01	8.08236278e-01	-1.69328063e-03	1.50982288e-03	-3.20310351e-03	2.35646319e-03	1.34622708e-04	-5.13367820e-03	7.85691095e-03	-1.20522273e-03	9.06213368e-03
290             	1.62184596e+00	8.11018340e-01	8.10827625e-01	-2.29288548e-03	1.24376945e-03	-3.53665492e-03	2.39021218e-03	9.53572379e-05	-6.08350733e-03	8.46421076e-03	-1.85140195e-03	1.03156127e-02
300             	1.62615842e+00	8.13150844e-01	8.13007578e-01	-2.62707461e-03	1.15342787e-03	-3.78050248e-03	2.46696517e-03	7.16329215e-05	-6.50247602e-03	8.76400946e-03	-2.12047129e-03	1.08844808e-02
310             	1.63025977e+00	8.15188681e-01	8.15071093e-01	-2.89429541e-03	1.18656891e-03	-4.08086432e-03	2.63371662e-03	5.87944254e-05	-6.37826973e-03	9.23501438e-03	-1.76076254e-03	1.09957769e-02
320             	1.63455732e+00	8.17318496e-01	8.17238819e-01	-3.08466754e-03	1.32351267e-03	-4.40818021e-03	2.86584644e-03	3.98385015e-05	-5.80057261e-03	9.39349402e-03	-1.10382560e-03	1.04973196e-02
330             	1.63887814e+00	8.19449938e-01	8.19428206e-01	-3.22926279e-03	1.52205359e-03	-4.75131638e-03	3.13668498e-03	1.08660542e-05	-4.93987040e-03	9.63489098e-03	-1.22424913e-04	9.75731589e-03
340             	1.64317474e+00	8.21561135e-01	8.21613602e-01	-3.28154241e-03	1.76996205e-03	-5.05150446e-03	3.41073326e-03	-2.62337964e-05	-4.01518990e-03	9.83965280e-03	9.04636502e-04	8.93501630e-03
350             	1.64748727e+00	8.23682707e-01	8.23804568e-01	-3.27061669e-03	2.00686218e-03	-5.27747887e-03	3.64217053e-03	-6.09305090e-05	-3.20091540e-03	1.00675688e-02	1.83286898e-03	8.23469977e-03
360             	1.65170490e+00	8.25767529e-01	8.25937373e-01	-3.24857569e-03	2.18422383e-03	-5.43279952e-03	3.80851167e-03	-8.49221632e-05	-2.59153844e-03	1.02647703e-02	2.54084671e-03	7.72392359e-03
370             	1.65578358e+00	8.27800339e-01	8.27983246e-01	-3.28002706e-03	2.27973402e-03	-5.55976108e-03	3.91974755e-03	-9.14538461e-05	-2.21734301e-03	1.04178563e-02	2.99158515e-03	7.42627117e-03
380             	1.65977796e+00	8.29807173e-01	8.29970788e-01	-3.37284597e-03	2.29733944e-03	-5.67018541e-03	3.98376243e-03	-8.18074814e-05	-2.04160251e-03	1.05254557e-02	3.22112535e-03	7.30433038e-03
390             	1.66377215e+00	8.31826240e-01	8.31945907e-01	-3.52554264e-03	2.24063890e-03	-5.76618155e-03	4.00341023e-03	-5.98336267e-05	-1.99771691e-03	1.05980491e-02	3.30130766e-03	7.29674148e-03
400             	1.66781745e+00	8.33874306e-01	8.33943142e-01	-3.70910947e-03	2.13132338e-03	-5.84043285e-03	3.98587811e-03	-3.44178682e-05	-2.01844510e-03	1.06532380e-02	3.30817389e-03	7.34506409e-03
410             	1.67192229e+00	8.35949200e-01	8.35973090e-01	-3.88358122e-03	1.99307020e-03	-5.87665142e-03	3.93486081e-03	-1.19447897e-05	-2.04456276e-03	1.07405711e-02	3.32572281e-03	7.41484833e-03
420             	1.67602414e+00	8.38016202e-01	8.38007935e-01	-4.03136481e-03	1.83927703e-03	-5.87064184e-03	3.85495943e-03	4.13331889e-06	-2.03514972e-03	1.08552421e-02	3.39247132e-03	7.46277075e-03
430             	1.68009301e+00	8.40057536e-01	8.40035479e-01	-4.15988306e-03	1.68026364e-03	-5.84014670e-03	3.76020517e-03	1.10284586e-05	-1.95925615e-03	1.09980343e-02	3.53976102e-03	7.45827333e-03
440             	1.68414180e+00	8.42081820e-01	8.42059984e-01	-4.25520899e-03	1.54103854e-03	-5.79624752e-03	3.66864303e-03	1.09180331e-05	-1.81876446e-03	1.11696673e-02	3.76606918e-03	7.40359811e-03
450             	1.68815956e+00	8.44086371e-01	8.44073194e-01	-4.32330394e-03	1.43379247e-03	-5.75709641e-03	3.59544444e-03	6.58857870e-06	-1.63835410e-03	1.13237678e-02	4.02352981e-03	7.30023801e-03
460             	1.69214674e+00	8.46073052e-01	8.46073689e-01	-4.37088209e-03	1.34915045e-03	-5.72003254e-03	3.53459149e-03	-3.18108306e-07	-1.44737104e-03	1.14336367e-02	4.26944734e-03	7.16418941e-03
470             	1.69608110e+00	8.48038055e-01	8.48043048e-01	-4.37941868e-03	1.29536024e-03	-5.67477892e-03	3.48506958e-03	-2.49640730e-06	-1.27485602e-03	1.15266471e-02	4.48846754e-03	7.03817958e-03
480             	1.69994536e+00	8.49976174e-01	8.49969190e-01	-4.35963354e-03	1.27535762e-03	-5.63499115e-03	3.45517439e-03	3.49171019e-06	-1.14537212e-03	1.16220273e-02	4.66564154e-03	6.95638578e-03
490             	1.70370783e+00	8.51874474e-01	8.51833359e-01	-4.32253110e-03	1.28107212e-03	-5.60360322e-03	3.44233767e-03	2.05575035e-05	-1.06157833e-03	1.17661222e-02	4.82148277e-03	6.94463943e-03
500             	1.70739331e+00	8.53742249e-01	8.53651063e-01	-4.31294974e-03	1.28019511e-03	-5.59314485e-03	3.43666998e-03	4.55933284e-05	-1.01759320e-03	1.19364276e-02	4.95062062e-03	6.98580702e-03
