# Force and moment coefficients
# dragDir       : (8.66019053e-01 0.00000000e+00 5.00011000e-01)
# sideDir       : (0.00000000e+00 1.00000000e+00 -0.00000000e+00)
# liftDir       : (-5.00011000e-01 0.00000000e+00 8.66019053e-01)
# rollAxis      : (8.66019053e-01 0.00000000e+00 5.00011000e-01)
# pitchAxis     : (0.00000000e+00 1.00000000e+00 -0.00000000e+00)
# yawAxis       : (-5.00011000e-01 0.00000000e+00 8.66019053e-01)
# magUInf       : 1.00000000e+00
# lRef          : 4.00040000e-02
# Aref          : 3.21484300e-04
# CofR          : (0.00000000e+00 0.00000000e+00 0.00000000e+00)
#
# Time          	Cd              	Cd(f)           	Cd(r)           	Cl              	Cl(f)           	Cl(r)           	CmPitch         	CmRoll          	CmYaw           	Cs              	Cs(f)           	Cs(r)           
10              	9.72484279e+00	4.88186267e+00	4.84298012e+00	2.64533927e+00	1.25284212e+00	1.39249715e+00	-6.98275162e-02	1.94412770e-02	-1.12303498e-02	-4.34538118e-02	-3.29572557e-02	-1.04965560e-02
20              	-2.17006109e+00	-1.07715341e+00	-1.09290768e+00	-6.08991893e-01	-3.04409736e-01	-3.04582157e-01	8.62102935e-05	7.87713570e-03	1.56632476e-03	-6.58029811e-03	-1.72382430e-03	-4.85647381e-03
30              	7.00051758e-01	3.41894695e-01	3.58157063e-01	1.74704547e+00	8.87975728e-01	8.59069742e-01	1.44529932e-02	-8.13118370e-03	-1.72738019e-04	1.18892977e-02	5.77191084e-03	6.11738688e-03
40              	1.10248779e+00	5.42895230e-01	5.59592558e-01	1.99337715e+00	9.80324658e-01	1.01305249e+00	-1.63639181e-02	-8.34866407e-03	2.65569897e-03	4.60270017e-03	4.95704905e-03	-3.54348881e-04
50              	8.88909341e-01	4.39700172e-01	4.49209169e-01	1.87665335e+00	8.91516636e-01	9.85136719e-01	-4.68100414e-02	-4.75449830e-03	1.93222068e-03	-4.07349143e-03	-1.04525034e-04	-3.96896639e-03
60              	9.07845567e-01	4.58285698e-01	4.49559868e-01	1.44460846e+00	6.89792518e-01	7.54815937e-01	-3.25117092e-02	4.36291494e-03	-1.38704895e-03	3.72706981e-03	4.76485957e-04	3.25058386e-03
70              	8.35390423e-01	4.21712498e-01	4.13677926e-01	4.22833587e-01	2.04620490e-01	2.18213097e-01	-6.79630362e-03	4.01728606e-03	-2.02888659e-03	8.83399185e-04	-1.58718700e-03	2.47058618e-03
80              	5.92798040e-01	2.96688802e-01	2.96109238e-01	-4.18443978e-01	-2.02206498e-01	-2.16237480e-01	7.01549073e-03	2.89782094e-04	-4.76301715e-04	9.46054345e-03	4.25397001e-03	5.20657344e-03
90              	5.67383126e-01	2.75266526e-01	2.92116600e-01	-3.49552949e-01	-1.64191896e-01	-1.85361053e-01	1.05845782e-02	-8.42503709e-03	2.96839975e-03	1.08175815e-02	8.37719047e-03	2.44039098e-03
100             	5.59634221e-01	2.71424741e-01	2.88209480e-01	-1.64714121e-01	-6.14811360e-02	-1.03232985e-01	2.08759247e-02	-8.39236983e-03	1.24401961e-03	9.28905571e-03	5.88854747e-03	3.40050824e-03
110             	5.37092442e-01	2.64775127e-01	2.72317315e-01	4.78767799e-02	3.64199111e-02	1.14568689e-02	1.24815211e-02	-3.77109389e-03	-6.06299040e-04	1.02598945e-02	4.52364819e-03	5.73624627e-03
120             	5.31444335e-01	2.67201399e-01	2.64242936e-01	2.91140919e-01	1.48484272e-01	1.42656648e-01	2.91381205e-03	1.47923166e-03	-2.47633602e-03	1.19217476e-02	3.48453778e-03	8.43720982e-03
130             	5.26240501e-01	2.68875853e-01	2.57364648e-01	4.56213356e-01	2.22271123e-01	2.33942233e-01	-5.83555495e-03	5.75560234e-03	-3.70642257e-03	5.91213295e-03	-7.50356090e-04	6.66248904e-03
140             	5.23247321e-01	2.68953882e-01	2.54293439e-01	4.20204351e-01	2.02742808e-01	2.17461543e-01	-7.35936740e-03	7.33022182e-03	-4.63540238e-03	-7.87973715e-03	-8.57527096e-03	6.95533811e-04
150             	5.09401159e-01	2.60211666e-01	2.49189493e-01	2.62376063e-01	1.38097769e-01	1.24278293e-01	6.90973801e-03	5.51108689e-03	-4.35112813e-03	-1.50979529e-02	-1.19001046e-02	-3.19784833e-03
160             	4.92720544e-01	2.47899223e-01	2.44821321e-01	1.81286538e-01	1.09780978e-01	7.15055602e-02	1.91377090e-02	1.53895137e-03	-4.22828148e-03	-5.07469159e-03	-6.76562727e-03	1.69093568e-03
170             	4.89304423e-01	2.40999293e-01	2.48305130e-01	2.11381194e-01	1.19179877e-01	9.22013176e-02	1.34892797e-02	-3.65291891e-03	-1.05689350e-03	1.01333892e-02	4.00980112e-03	6.12358812e-03
180             	4.98978663e-01	2.47776363e-01	2.51202299e-01	2.63606853e-01	1.33959556e-01	1.29647297e-01	2.15612947e-03	-1.71296808e-03	1.39274500e-04	1.26606124e-02	6.46958071e-03	6.19103171e-03
190             	5.00097103e-01	2.48985144e-01	2.51111959e-01	2.71821148e-01	1.33342663e-01	1.38478484e-01	-2.56791053e-03	-1.06340781e-03	2.17164376e-04	9.39429475e-03	4.91431175e-03	4.47998300e-03
200             	4.96173828e-01	2.44189467e-01	2.51984361e-01	2.59582706e-01	1.28330324e-01	1.31252382e-01	-1.46102910e-03	-3.89744713e-03	1.10930347e-03	9.07810649e-03	5.64835671e-03	3.42974978e-03
210             	4.97725361e-01	2.46532726e-01	2.51192636e-01	2.44984402e-01	1.26377182e-01	1.18607220e-01	3.88498103e-03	-2.32995492e-03	-4.77193493e-04	3.82303011e-03	1.43432156e-03	2.38870855e-03
220             	4.99796554e-01	2.50728559e-01	2.49067996e-01	2.47232776e-01	1.31005731e-01	1.16227045e-01	7.38934326e-03	8.30281410e-04	-1.70952464e-03	-2.75663128e-03	-3.08784028e-03	3.31209001e-04
230             	5.01359846e-01	2.52829267e-01	2.48530579e-01	2.54957659e-01	1.35341569e-01	1.19616090e-01	7.86273980e-03	2.14934400e-03	-2.18090783e-03	-2.12965009e-04	-2.28739033e-03	2.07442533e-03
240             	5.03384305e-01	2.53438621e-01	2.49945684e-01	2.59012503e-01	1.36369719e-01	1.22642784e-01	6.86346775e-03	1.74646873e-03	-1.74582471e-03	3.41963730e-03	-3.60060627e-05	3.45564336e-03
250             	5.02273824e-01	2.51995025e-01	2.50278800e-01	2.53085224e-01	1.33865449e-01	1.19219775e-01	7.32283702e-03	8.58112556e-04	-1.20673151e-03	6.15607733e-03	1.87130716e-03	4.28477018e-03
260             	5.01654296e-01	2.50777226e-01	2.50877070e-01	2.51678522e-01	1.33033724e-01	1.18644798e-01	7.19446305e-03	-4.99218965e-05	-7.32024674e-04	7.32454733e-03	2.93024899e-03	4.39429834e-03
270             	5.01884609e-01	2.50870250e-01	2.51014360e-01	2.58722121e-01	1.35824858e-01	1.22897263e-01	6.46379781e-03	-7.20551131e-05	-9.21258502e-04	2.51477431e-03	3.36128655e-04	2.17864566e-03
280             	5.02685286e-01	2.51151701e-01	2.51533585e-01	2.66953293e-01	1.39617318e-01	1.27335975e-01	6.14067115e-03	-1.90941877e-04	-1.31793530e-03	1.48540783e-03	-5.75231384e-04	2.06063921e-03
290             	5.03844000e-01	2.51411565e-01	2.52432435e-01	2.68948357e-01	1.41407590e-01	1.27540767e-01	6.93341146e-03	-5.10435159e-04	-1.26684823e-03	5.15644721e-03	1.31137537e-03	3.84507183e-03
300             	5.03996107e-01	2.52006177e-01	2.51989930e-01	2.68009652e-01	1.41486289e-01	1.26523363e-01	7.48146295e-03	8.12340333e-06	-1.47164932e-03	6.59129377e-03	1.82399757e-03	4.76729620e-03
310             	5.03756809e-01	2.52712257e-01	2.51044552e-01	2.71587927e-01	1.43551609e-01	1.28036318e-01	7.75764572e-03	8.33852107e-04	-1.63258013e-03	6.54415811e-03	1.63949892e-03	4.90465919e-03
320             	5.04510841e-01	2.53502088e-01	2.51008753e-01	2.76008172e-01	1.45688445e-01	1.30319728e-01	7.68435870e-03	1.24666735e-03	-1.54485558e-03	4.84775302e-03	8.79020937e-04	3.96873209e-03
330             	5.04250694e-01	2.53111880e-01	2.51138814e-01	2.75787610e-01	1.44447311e-01	1.31340300e-01	6.55350567e-03	9.86532961e-04	-1.35805045e-03	1.82882514e-03	-4.43637878e-04	2.27246302e-03
340             	5.03905879e-01	2.52835938e-01	2.51069941e-01	2.74267536e-01	1.42914910e-01	1.31352626e-01	5.78114219e-03	8.82998767e-04	-9.71725674e-04	2.30568760e-03	1.81118127e-04	2.12456947e-03
350             	5.04179105e-01	2.52944361e-01	2.51234744e-01	2.74292093e-01	1.43042514e-01	1.31249578e-01	5.89646790e-03	8.54808380e-04	-7.51593043e-04	3.85808633e-03	1.17745012e-03	2.68063621e-03
360             	5.04765543e-01	2.53017565e-01	2.51747977e-01	2.76319305e-01	1.44673500e-01	1.31645805e-01	6.51384751e-03	6.34794105e-04	-8.62076582e-04	3.36915381e-03	8.22500322e-04	2.54665349e-03
370             	5.05001770e-01	2.52779035e-01	2.52222734e-01	2.77708829e-01	1.45815142e-01	1.31893687e-01	6.96072783e-03	2.78150398e-04	-9.47378126e-04	3.18061938e-03	6.42931562e-04	2.53768781e-03
380             	5.05447097e-01	2.52621534e-01	2.52825563e-01	2.79254748e-01	1.46456651e-01	1.32798097e-01	6.82927741e-03	-1.02014150e-04	-1.05265589e-03	3.35521246e-03	6.24950337e-04	2.73026212e-03
390             	5.06350217e-01	2.53011095e-01	2.53339122e-01	2.80587870e-01	1.46753303e-01	1.33834567e-01	6.45936817e-03	-1.64013746e-04	-1.17092996e-03	4.63580262e-03	1.14697135e-03	3.48883127e-03
400             	5.06809419e-01	2.53842661e-01	2.52966758e-01	2.79987787e-01	1.46088634e-01	1.33899153e-01	6.09474046e-03	4.37951265e-04	-1.41919770e-03	5.41589139e-03	1.28874799e-03	4.12714340e-03
410             	5.07334013e-01	2.55090415e-01	2.52243598e-01	2.78843809e-01	1.45496619e-01	1.33347189e-01	6.07471494e-03	1.42340870e-03	-1.73220244e-03	4.04546998e-03	2.90532550e-04	3.75493744e-03
420             	5.07868736e-01	2.56001704e-01	2.51867032e-01	2.79628275e-01	1.46211788e-01	1.33416487e-01	6.39765026e-03	2.06733571e-03	-1.70999384e-03	2.30093863e-03	-5.59524525e-04	2.86046316e-03
430             	5.08283392e-01	2.56521157e-01	2.51762235e-01	2.81096692e-01	1.46981272e-01	1.34115420e-01	6.43292643e-03	2.37946132e-03	-1.46037964e-03	1.10578947e-03	-9.07484904e-04	2.01327437e-03
440             	5.08669180e-01	2.56935880e-01	2.51733300e-01	2.81672574e-01	1.47290087e-01	1.34382487e-01	6.45379984e-03	2.60128965e-03	-1.20104687e-03	5.35756660e-04	-9.33168537e-04	1.46892520e-03
450             	5.08677986e-01	2.56802023e-01	2.51875963e-01	2.82678402e-01	1.48043160e-01	1.34635241e-01	6.70395932e-03	2.46303017e-03	-9.65322997e-04	4.56927214e-04	-7.36859390e-04	1.19378660e-03
460             	5.08529653e-01	2.56328837e-01	2.52200816e-01	2.83265242e-01	1.48499521e-01	1.34765721e-01	6.86690036e-03	2.06401036e-03	-9.02857958e-04	6.64264238e-04	-5.70725839e-04	1.23499008e-03
470             	5.08408638e-01	2.55861072e-01	2.52547567e-01	2.83276641e-01	1.48431840e-01	1.34844802e-01	6.79351912e-03	1.65675255e-03	-9.78102180e-04	1.71676032e-03	-1.19722021e-04	1.83648234e-03
480             	5.08634182e-01	2.55382162e-01	2.53252020e-01	2.83383865e-01	1.48437930e-01	1.34945935e-01	6.74599744e-03	1.06507107e-03	-1.01528525e-03	3.19753611e-03	5.83482812e-04	2.61405330e-03
490             	5.09432382e-01	2.55272804e-01	2.54159578e-01	2.83821343e-01	1.48748630e-01	1.35072714e-01	6.83795789e-03	5.56612888e-04	-1.02350218e-03	3.86742955e-03	9.10212595e-04	2.95721696e-03
500             	5.10553374e-01	2.55435719e-01	2.55117655e-01	2.86044931e-01	1.49769948e-01	1.36274983e-01	6.74748280e-03	1.59032203e-04	-8.85092458e-04	3.43325789e-03	8.31536488e-04	2.60172140e-03
510             	5.11507718e-01	2.55728264e-01	2.55779454e-01	2.87881558e-01	1.50500262e-01	1.37381296e-01	6.55948275e-03	-2.55948151e-05	-6.85811766e-04	3.21842018e-03	9.23398326e-04	2.29502186e-03
520             	5.12356953e-01	2.56193213e-01	2.56163740e-01	2.88056772e-01	1.50794344e-01	1.37262428e-01	6.76595829e-03	1.47365411e-05	-5.04148168e-04	2.97189301e-03	9.81798335e-04	1.99009467e-03
530             	5.13029012e-01	2.56966373e-01	2.56062638e-01	2.87900202e-01	1.51028690e-01	1.36871512e-01	7.07858894e-03	4.51867582e-04	-5.55298147e-04	2.12036160e-03	5.04882654e-04	1.61547895e-03
540             	5.13185461e-01	2.57749647e-01	2.55435814e-01	2.87289545e-01	1.50682375e-01	1.36607169e-01	7.03760288e-03	1.15691631e-03	-8.89974088e-04	9.98498842e-04	-3.90724667e-04	1.38922351e-03
550             	5.13026334e-01	2.57886899e-01	2.55139435e-01	2.86874048e-01	1.50285401e-01	1.36588647e-01	6.84837669e-03	1.37373187e-03	-1.10210694e-03	3.42158829e-04	-9.31027529e-04	1.27318636e-03
560             	5.12820532e-01	2.57455877e-01	2.55364655e-01	2.86747831e-01	1.49966341e-01	1.36781490e-01	6.59242575e-03	1.04561089e-03	-1.02462710e-03	7.68705980e-04	-6.40274109e-04	1.40898009e-03
570             	5.12264151e-01	2.56827943e-01	2.55436208e-01	2.85766817e-01	1.49203143e-01	1.36563674e-01	6.31973470e-03	6.95867287e-04	-9.69033684e-04	1.96058867e-03	1.12606509e-05	1.94932802e-03
580             	5.11644510e-01	2.56388776e-01	2.55255734e-01	2.84592389e-01	1.48735908e-01	1.35856480e-01	6.43971411e-03	5.66520706e-04	-1.10909678e-03	2.80454036e-03	2.93173401e-04	2.51136696e-03
590             	5.11349043e-01	2.56196651e-01	2.55152392e-01	2.85305860e-01	1.49429084e-01	1.35876776e-01	6.77615403e-03	5.22129553e-04	-1.28501795e-03	2.70011210e-03	6.50381015e-05	2.63507400e-03
600             	5.11253174e-01	2.56099822e-01	2.55153352e-01	2.87914317e-01	1.50578396e-01	1.37335921e-01	6.62123727e-03	4.73234969e-04	-1.26960346e-03	2.88150074e-03	1.71146908e-04	2.71035383e-03
610             	5.11244951e-01	2.56256689e-01	2.54988263e-01	2.89208390e-01	1.50901579e-01	1.38306811e-01	6.29738402e-03	6.34213059e-04	-1.16004320e-03	3.12666520e-03	4.03289399e-04	2.72337580e-03
620             	5.11394736e-01	2.56607921e-01	2.54786816e-01	2.88637384e-01	1.50872768e-01	1.37764616e-01	6.55407595e-03	9.10552734e-04	-1.09336967e-03	1.55859519e-03	-3.14072075e-04	1.87266727e-03
630             	5.11821320e-01	2.56902947e-01	2.54918374e-01	2.89276973e-01	1.51329701e-01	1.37947273e-01	6.69121392e-03	9.92286415e-04	-9.28631621e-04	-1.04336122e-04	-9.80799682e-04	8.76463560e-04
640             	5.12435009e-01	2.57273412e-01	2.55161597e-01	2.90375392e-01	1.51639150e-01	1.38736242e-01	6.45145370e-03	1.05590778e-03	-8.16339768e-04	-5.10670667e-04	-1.07167510e-03	5.61004434e-04
650             	5.13241028e-01	2.57894470e-01	2.55346558e-01	2.91266549e-01	1.52148192e-01	1.39118357e-01	6.51491749e-03	1.27395606e-03	-9.22819450e-04	-3.83359824e-04	-1.11449936e-03	7.31139538e-04
660             	5.14359655e-01	2.58752021e-01	2.55607633e-01	2.92810774e-01	1.53160930e-01	1.39649844e-01	6.75554308e-03	1.57219404e-03	-1.18115016e-03	-3.64653656e-05	-1.19938285e-03	1.16291748e-03
670             	5.15387161e-01	2.59452841e-01	2.55934320e-01	2.93018015e-01	1.53293685e-01	1.39724331e-01	6.78467689e-03	1.75926051e-03	-1.44778422e-03	2.78969073e-04	-1.30829969e-03	1.58726876e-03
680             	5.16031916e-01	2.59685249e-01	2.56346667e-01	2.91800309e-01	1.52586937e-01	1.39213373e-01	6.68678206e-03	1.66929141e-03	-1.54791029e-03	5.93516414e-04	-1.25115208e-03	1.84466850e-03
690             	5.16366285e-01	2.59477294e-01	2.56888992e-01	2.91050501e-01	1.52089084e-01	1.38961417e-01	6.56383352e-03	1.29415115e-03	-1.39965141e-03	7.08494066e-04	-1.04540438e-03	1.75389844e-03
700             	5.16446995e-01	2.59133022e-01	2.57313973e-01	2.90645020e-01	1.51741301e-01	1.38903719e-01	6.41879074e-03	9.09524159e-04	-1.18634992e-03	6.74301647e-04	-8.49199099e-04	1.52350075e-03
710             	5.16495681e-01	2.59080486e-01	2.57415195e-01	2.90763449e-01	1.51698752e-01	1.39064697e-01	6.31702784e-03	8.32645827e-04	-1.11926174e-03	1.29498240e-03	-4.71770543e-04	1.76675295e-03
720             	5.16799123e-01	2.59429215e-01	2.57369907e-01	2.92209548e-01	1.52416165e-01	1.39793382e-01	6.31139155e-03	1.02965380e-03	-1.20791621e-03	1.74955813e-03	-3.33137149e-04	2.08269528e-03
730             	5.17199457e-01	2.60000131e-01	2.57199326e-01	2.94428246e-01	1.53506737e-01	1.40921509e-01	6.29261418e-03	1.40040238e-03	-1.38232088e-03	1.57411906e-03	-5.95261351e-04	2.16938041e-03
740             	5.17437144e-01	2.60457874e-01	2.56979270e-01	2.95820650e-01	1.54094920e-01	1.41725730e-01	6.18459509e-03	1.73930196e-03	-1.48715744e-03	1.38544823e-03	-7.94433329e-04	2.17988156e-03
750             	5.17555804e-01	2.60341134e-01	2.57214670e-01	2.96010626e-01	1.54188508e-01	1.41822117e-01	6.18319536e-03	1.56323180e-03	-1.35712978e-03	1.07179901e-03	-8.21230279e-04	1.89302929e-03
760             	5.17590196e-01	2.59802049e-01	2.57788147e-01	2.95747658e-01	1.54166203e-01	1.41581455e-01	6.29237366e-03	1.00695129e-03	-1.06876056e-03	7.90789992e-04	-6.73365567e-04	1.46415556e-03
770             	5.17565626e-01	2.59292903e-01	2.58272723e-01	2.95454344e-01	1.54031476e-01	1.41422868e-01	6.30430374e-03	5.10090002e-04	-8.33489879e-04	8.66593658e-04	-4.00193050e-04	1.26678671e-03
780             	5.17580815e-01	2.58998071e-01	2.58582744e-01	2.95634101e-01	1.54071336e-01	1.41562764e-01	6.25428596e-03	2.07663946e-04	-7.21544399e-04	1.04378171e-03	-1.99653542e-04	1.24343525e-03
790             	5.17823974e-01	2.59134352e-01	2.58689621e-01	2.96472477e-01	1.54456767e-01	1.42015710e-01	6.22052822e-03	2.22365347e-04	-7.48072266e-04	1.20681485e-03	-1.44664842e-04	1.35147969e-03
800             	5.18204098e-01	2.59642260e-01	2.58561839e-01	2.97058092e-01	1.54597792e-01	1.42460300e-01	6.06874632e-03	5.40210391e-04	-8.85033675e-04	1.51410179e-03	-1.27982778e-04	1.64208457e-03
810             	5.18756418e-01	2.60383771e-01	2.58372647e-01	2.97616943e-01	1.54648705e-01	1.42968238e-01	5.84023339e-03	1.00556224e-03	-1.04554627e-03	1.85235770e-03	-1.19367423e-04	1.97172512e-03
820             	5.19369515e-01	2.61161050e-01	2.58208465e-01	2.98385933e-01	1.55074982e-01	1.43310951e-01	5.88201533e-03	1.47629223e-03	-1.19532883e-03	1.74696720e-03	-3.21845233e-04	2.06881243e-03
830             	5.19725044e-01	2.61638092e-01	2.58086952e-01	2.99393388e-01	1.55879815e-01	1.43513574e-01	6.18312051e-03	1.77556983e-03	-1.28317705e-03	1.31708443e-03	-6.24634842e-04	1.94171927e-03
840             	5.19764105e-01	2.61704836e-01	2.58059269e-01	3.00378488e-01	1.56598154e-01	1.43780334e-01	6.40890980e-03	1.82278333e-03	-1.26770759e-03	1.08308256e-03	-7.26166308e-04	1.80924887e-03
850             	5.19521222e-01	2.61458557e-01	2.58062664e-01	3.00958589e-01	1.57012048e-01	1.43946541e-01	6.53275346e-03	1.69794639e-03	-1.22134717e-03	9.47611803e-04	-7.47541264e-04	1.69515307e-03
860             	5.19318511e-01	2.61142410e-01	2.58176101e-01	3.01365286e-01	1.57287891e-01	1.44077395e-01	6.60524794e-03	1.48315468e-03	-1.20125198e-03	1.00464284e-03	-6.98930563e-04	1.70357341e-03
870             	5.19552548e-01	2.60991693e-01	2.58560855e-01	3.01852722e-01	1.57466856e-01	1.44385866e-01	6.54049525e-03	1.21541923e-03	-1.21509882e-03	1.61313973e-03	-4.08528952e-04	2.02166868e-03
880             	5.20244758e-01	2.61040636e-01	2.59204123e-01	3.02808383e-01	1.57811353e-01	1.44997031e-01	6.40716120e-03	9.18256448e-04	-1.20706957e-03	2.39750520e-03	-8.31697287e-06	2.40582217e-03
890             	5.21096051e-01	2.61219242e-01	2.59876809e-01	3.03984861e-01	1.58415476e-01	1.45569386e-01	6.42304513e-03	6.71216803e-04	-1.12459497e-03	2.84883320e-03	2.99821636e-04	2.54901157e-03
900             	5.22062728e-01	2.61565315e-01	2.60497413e-01	3.05040461e-01	1.59112690e-01	1.45927771e-01	6.59245913e-03	5.33950649e-04	-9.95400839e-04	2.93568198e-03	4.72440153e-04	2.46324183e-03
910             	5.23183944e-01	2.62127408e-01	2.61056535e-01	3.06102599e-01	1.59715492e-01	1.46387107e-01	6.66419261e-03	5.35436497e-04	-8.92209352e-04	2.46169336e-03	3.38637326e-04	2.12305603e-03
920             	5.24341299e-01	2.62915831e-01	2.61425468e-01	3.06829109e-01	1.59985051e-01	1.46844058e-01	6.57049641e-03	7.45181396e-04	-8.67288242e-04	1.65178233e-03	-4.13970749e-05	1.69317941e-03
930             	5.25295867e-01	2.63796393e-01	2.61499474e-01	3.06813515e-01	1.59810652e-01	1.47002862e-01	6.40389506e-03	1.14845971e-03	-9.53987951e-04	1.04668162e-03	-4.30647141e-04	1.47732876e-03
940             	5.25874317e-01	2.64497080e-01	2.61377237e-01	3.06494676e-01	1.59506104e-01	1.46988572e-01	6.25876589e-03	1.55992128e-03	-1.13380828e-03	5.85155228e-04	-8.41230670e-04	1.42638590e-03
950             	5.26160234e-01	2.64818051e-01	2.61342183e-01	3.06330622e-01	1.59342219e-01	1.46988403e-01	6.17690817e-03	1.73793420e-03	-1.29568794e-03	4.90625179e-04	-1.05037535e-03	1.54100053e-03
960             	5.26242824e-01	2.64722937e-01	2.61519887e-01	3.06292925e-01	1.59253999e-01	1.47038926e-01	6.10753649e-03	1.60152522e-03	-1.30442414e-03	1.06986823e-03	-7.69490022e-04	1.83935825e-03
970             	5.26244205e-01	2.64330336e-01	2.61913868e-01	3.06459418e-01	1.59311440e-01	1.47147978e-01	6.08173092e-03	1.20823409e-03	-1.14207203e-03	1.65666770e-03	-3.13738176e-04	1.97040588e-03
980             	5.26246595e-01	2.63836733e-01	2.62409862e-01	3.07169569e-01	1.59780168e-01	1.47389401e-01	6.19538350e-03	7.13435290e-04	-9.06358036e-04	1.89924439e-03	4.32641596e-05	1.85598023e-03
990             	5.26246387e-01	2.63359340e-01	2.62887047e-01	3.08448807e-01	1.60547913e-01	1.47900894e-01	6.32350964e-03	2.36146406e-04	-6.40833901e-04	2.07273294e-03	3.95532567e-04	1.67720037e-03
1000            	5.26271467e-01	2.63043818e-01	2.63227650e-01	3.09699047e-01	1.61183017e-01	1.48516030e-01	6.33349377e-03	-9.19161100e-05	-4.45022129e-04	2.33024507e-03	7.20100408e-04	1.61014467e-03
1010            	5.26460172e-01	2.63124070e-01	2.63336101e-01	3.10484511e-01	1.61558435e-01	1.48926076e-01	6.31617987e-03	-1.06015729e-04	-4.24906620e-04	2.52050421e-03	8.35345486e-04	1.68515873e-03
1020            	5.26944184e-01	2.63605048e-01	2.63339136e-01	3.11272106e-01	1.61987643e-01	1.49284463e-01	6.35159035e-03	1.32956411e-04	-5.71794300e-04	2.53424678e-03	6.95329092e-04	1.83891769e-03
1030            	5.27710180e-01	2.64287637e-01	2.63422543e-01	3.12349994e-01	1.62572829e-01	1.49777165e-01	6.39783187e-03	4.32547195e-04	-8.01078998e-04	2.43954603e-03	4.18694015e-04	2.02085201e-03
1040            	5.28535328e-01	2.64925046e-01	2.63610282e-01	3.12961381e-01	1.62971651e-01	1.49989729e-01	6.49096079e-03	6.57381621e-04	-1.03381542e-03	2.51145449e-03	2.21911829e-04	2.28954266e-03
1050            	5.29311743e-01	2.65327711e-01	2.63984031e-01	3.13170265e-01	1.63150246e-01	1.50020019e-01	6.56511312e-03	6.71840041e-04	-1.19115470e-03	2.88420690e-03	2.50948749e-04	2.63325816e-03
1060            	5.30028713e-01	2.65535764e-01	2.64492950e-01	3.13509047e-01	1.63204795e-01	1.50304252e-01	6.45027174e-03	5.21406869e-04	-1.28685021e-03	3.43529578e-03	4.30797678e-04	3.00449811e-03
1070            	5.30472101e-01	2.65555467e-01	2.64916634e-01	3.14005555e-01	1.63242426e-01	1.50763129e-01	6.23964838e-03	3.19416090e-04	-1.36873875e-03	4.10872144e-03	6.85621972e-04	3.42309947e-03
1080            	5.30543328e-01	2.65381487e-01	2.65161842e-01	3.14554006e-01	1.63368352e-01	1.51185653e-01	6.09134940e-03	1.09822498e-04	-1.39216404e-03	4.87282843e-03	1.04425018e-03	3.82857825e-03
1090            	5.30505043e-01	2.65310401e-01	2.65194641e-01	3.15103140e-01	1.63573342e-01	1.51529798e-01	6.02177201e-03	5.78799815e-05	-1.36447161e-03	5.23761853e-03	1.25433765e-03	3.98328088e-03
1100            	5.30542271e-01	2.65439547e-01	2.65102724e-01	3.16107191e-01	1.63957171e-01	1.52150020e-01	5.90357543e-03	1.68411129e-04	-1.25749595e-03	5.04624316e-03	1.26562563e-03	3.78061753e-03
1110            	5.30884824e-01	2.65801625e-01	2.65083199e-01	3.17179847e-01	1.64396089e-01	1.52783759e-01	5.80616496e-03	3.59212810e-04	-1.06809378e-03	4.21135658e-03	1.03758451e-03	3.17377206e-03
1120            	5.31330447e-01	2.66202754e-01	2.65127694e-01	3.17533162e-01	1.64749941e-01	1.52783221e-01	5.98335999e-03	5.37530055e-04	-9.05693097e-04	2.74122484e-03	4.64919322e-04	2.27630551e-03
1130            	5.32004786e-01	2.66497691e-01	2.65507095e-01	3.18572881e-01	1.65461517e-01	1.53111364e-01	6.17507662e-03	4.95297826e-04	-7.03386086e-04	1.91482428e-03	2.54026055e-04	1.66079823e-03
1140            	5.33066146e-01	2.66765347e-01	2.66300799e-01	3.20378868e-01	1.66292492e-01	1.54086377e-01	6.10305759e-03	2.32273515e-04	-4.77036681e-04	2.04527414e-03	5.45600387e-04	1.49967375e-03
1150            	5.33914367e-01	2.67005497e-01	2.66908870e-01	3.20901196e-01	1.66556718e-01	1.54344478e-01	6.10612020e-03	4.83135449e-05	-4.49801026e-04	2.17660367e-03	6.38500811e-04	1.53810286e-03
1160            	5.34395518e-01	2.67183171e-01	2.67212347e-01	3.20226619e-01	1.66305066e-01	1.53921553e-01	6.19175625e-03	-1.45883021e-05	-6.01699057e-04	2.53386922e-03	6.65235555e-04	1.86863367e-03
1170            	5.34886399e-01	2.67400794e-01	2.67485605e-01	3.19288490e-01	1.65809031e-01	1.53479460e-01	6.16478555e-03	-4.24052963e-05	-7.41505581e-04	3.03593933e-03	7.76464086e-04	2.25947525e-03
1180            	5.35224935e-01	2.67533713e-01	2.67691223e-01	3.19368439e-01	1.65596493e-01	1.53771946e-01	5.91227368e-03	-7.87550345e-05	-7.77222983e-04	4.14023485e-03	1.29289444e-03	2.84734041e-03
1190            	5.35346571e-01	2.67691759e-01	2.67654812e-01	3.20036305e-01	1.65728926e-01	1.54307379e-01	5.71077363e-03	1.84736515e-05	-8.36294700e-04	5.23126187e-03	1.77933623e-03	3.45192563e-03
1200            	5.35171468e-01	2.67827927e-01	2.67343541e-01	3.20440004e-01	1.66181766e-01	1.54258238e-01	5.96176424e-03	2.42192762e-04	-9.68368939e-04	4.60598457e-03	1.33462335e-03	3.27136122e-03
1210            	5.34685138e-01	2.67758410e-01	2.66926728e-01	3.21888052e-01	1.67265164e-01	1.54622888e-01	6.32113783e-03	4.15840805e-04	-1.01490409e-03	3.57072206e-03	7.70456937e-04	2.80026513e-03
1220            	5.34372614e-01	2.67786083e-01	2.66586531e-01	3.23728062e-01	1.68334447e-01	1.55393614e-01	6.47041645e-03	5.99775867e-04	-9.73268750e-04	2.98540530e-03	5.19433900e-04	2.46597140e-03
1230            	5.34329749e-01	2.67887934e-01	2.66441815e-01	3.24735467e-01	1.69043388e-01	1.55692080e-01	6.67565402e-03	7.23059099e-04	-8.74043240e-04	2.21756727e-03	2.34740397e-04	1.98282688e-03
1240            	5.34665240e-01	2.67992360e-01	2.66672880e-01	3.25924421e-01	1.69656331e-01	1.56268090e-01	6.69412004e-03	6.59739840e-04	-6.95564239e-04	1.86049903e-03	2.34685278e-04	1.62581376e-03
1250            	5.35349421e-01	2.68137910e-01	2.67211511e-01	3.26442508e-01	1.69776043e-01	1.56666465e-01	6.55478892e-03	4.63199461e-04	-5.62643112e-04	1.52817661e-03	2.01445195e-04	1.32673142e-03
1260            	5.36385710e-01	2.68265232e-01	2.68120479e-01	3.26819055e-01	1.69911191e-01	1.56907863e-01	6.50166388e-03	7.23765711e-05	-3.97881900e-04	1.18713350e-03	1.95684848e-04	9.91448648e-04
1270            	5.37870326e-01	2.68622168e-01	2.69248158e-01	3.27926700e-01	1.70352076e-01	1.57574624e-01	6.38872599e-03	-3.12995279e-04	-2.02853917e-04	1.52093210e-03	5.57612131e-04	9.63319965e-04
1280            	5.39175245e-01	2.69332114e-01	2.69843131e-01	3.28563250e-01	1.70533315e-01	1.58029935e-01	6.25168996e-03	-2.55508402e-04	-1.54779860e-04	1.94169745e-03	8.16068865e-04	1.12562859e-03
1290            	5.39911214e-01	2.70216354e-01	2.69694860e-01	3.28265449e-01	1.70299754e-01	1.57965695e-01	6.16702912e-03	2.60746803e-04	-3.34506627e-04	2.36523559e-03	8.48111170e-04	1.51712442e-03
1300            	5.40170841e-01	2.70947076e-01	2.69223766e-01	3.28378221e-01	1.70404151e-01	1.57974069e-01	6.21504115e-03	8.61655091e-04	-6.08639027e-04	2.08785352e-03	4.35287733e-04	1.65256579e-03
1310            	5.39888882e-01	2.71259159e-01	2.68629723e-01	3.29461107e-01	1.71089073e-01	1.58372034e-01	6.35851940e-03	1.31471826e-03	-8.18424087e-04	5.93562483e-04	-5.21642845e-04	1.11520533e-03
1320            	5.39528540e-01	2.71316619e-01	2.68211921e-01	3.30361110e-01	1.71565495e-01	1.58795615e-01	6.38494017e-03	1.55234908e-03	-9.15068947e-04	-2.78438237e-04	-1.05428807e-03	7.75849828e-04
1330            	5.39293195e-01	2.71214085e-01	2.68079110e-01	3.29995022e-01	1.71219484e-01	1.58775538e-01	6.22197325e-03	1.56748783e-03	-9.12799085e-04	2.43676302e-04	-7.90960934e-04	1.03463724e-03
1340            	5.39207711e-01	2.70864297e-01	2.68343414e-01	3.29872259e-01	1.71038581e-01	1.58833677e-01	6.10245176e-03	1.26044145e-03	-8.61872391e-04	5.79323715e-04	-5.72210533e-04	1.15153425e-03
