# Moment        
# CofR          : (0.00000000e+00 0.00000000e+00 0.00000000e+00)
#
# Time          	total_x total_y total_z	pressure_x pressure_y pressure_z	viscous_x viscous_y viscous_z
10               -1.48707978e-05 -1.35574678e-03 1.05484359e-06 -1.47696362e-05 -1.36648166e-03 8.08159879e-07 -1.01161563e-07 1.07348755e-05 2.46683710e-07
20               6.18032154e-06 4.47870132e-04 -5.53766922e-06 5.26942877e-06 4.25256276e-04 -4.87165286e-06 9.10892776e-07 2.26138558e-05 -6.66016362e-07
30               -1.30491495e-05 4.02265337e-04 4.29356772e-06 -1.25284650e-05 3.97490451e-04 4.02414557e-06 -5.20684470e-07 4.77488591e-06 2.69422151e-07
40               -3.72421406e-05 -4.90753415e-04 6.88346738e-06 -3.70675148e-05 -4.90963061e-04 6.56252830e-06 -1.74625796e-07 2.09646267e-07 3.20939075e-07
50               -3.40114629e-05 -3.12882687e-04 2.34544850e-05 -3.36912666e-05 -3.11844260e-04 2.30664782e-05 -3.20196346e-07 -1.03842740e-06 3.88006738e-07
60               -5.17050543e-06 -3.55440071e-04 -6.88511458e-07 -5.04210514e-06 -3.55295273e-04 -9.83316385e-07 -1.28400294e-07 -1.44798116e-07 2.94804927e-07
70               -6.33331368e-06 -4.37107304e-04 -4.91722404e-06 -6.13351649e-06 -4.35180676e-04 -4.62588462e-06 -1.99797190e-07 -1.92662751e-06 -2.91339415e-07
80               2.98049817e-06 -3.22445199e-04 -4.34900518e-06 3.18277257e-06 -3.21002967e-04 -3.92655508e-06 -2.02274394e-07 -1.44223146e-06 -4.22450096e-07
90               -5.94973176e-06 -3.52258717e-04 5.17961991e-07 -5.81032539e-06 -3.51789728e-04 7.15639027e-07 -1.39406374e-07 -4.68989195e-07 -1.97677036e-07
100              -2.04441741e-05 -3.99336812e-04 -1.00607343e-05 -2.00562651e-05 -3.97508824e-04 -9.74514821e-06 -3.87909072e-07 -1.82798848e-06 -3.15586049e-07
110              -4.66886655e-06 -3.11033090e-04 -1.87783889e-06 -4.29311853e-06 -3.10186802e-04 -1.71747122e-06 -3.75748025e-07 -8.46288582e-07 -1.60367668e-07
120              -2.30195355e-06 -4.15949039e-04 -4.76028810e-06 -2.00131419e-06 -4.14602065e-04 -4.51640821e-06 -3.00639362e-07 -1.34697341e-06 -2.43879892e-07
130              3.83413815e-07 -3.48581110e-04 -6.19226357e-06 6.93212226e-07 -3.47277940e-04 -6.02771581e-06 -3.09798411e-07 -1.30316944e-06 -1.64547760e-07
140              2.57721080e-06 -3.87423119e-04 -8.52034420e-06 2.80428851e-06 -3.86357765e-04 -8.45632262e-06 -2.27077714e-07 -1.06535437e-06 -6.40215821e-08
150              -3.71255801e-06 -3.91044182e-04 -4.75385389e-06 -3.46026400e-06 -3.89539108e-04 -4.63976638e-06 -2.52294012e-07 -1.50507390e-06 -1.14087513e-07
160              -3.01862793e-06 -3.71609637e-04 -9.42977068e-06 -2.71151006e-06 -3.70420355e-04 -9.23253736e-06 -3.07117866e-07 -1.18928205e-06 -1.97233325e-07
170              -7.94751118e-06 -3.98681189e-04 -7.84541223e-06 -7.65138854e-06 -3.97374797e-04 -7.50805159e-06 -2.96122642e-07 -1.30639136e-06 -3.37360644e-07
180              -9.44962774e-06 -3.94017106e-04 -7.86080030e-06 -9.07557184e-06 -3.92699047e-04 -7.63897620e-06 -3.74055902e-07 -1.31805944e-06 -2.21824103e-07
190              -4.19557802e-06 -4.03116477e-04 -1.05006580e-05 -3.86680384e-06 -4.01820050e-04 -1.03362617e-05 -3.28774183e-07 -1.29642632e-06 -1.64396324e-07
200              -6.86857950e-06 -4.06879257e-04 -8.98779695e-06 -6.51738857e-06 -4.05514210e-04 -8.80677811e-06 -3.51190930e-07 -1.36504698e-06 -1.81018848e-07
210              -5.38551454e-06 -4.12668413e-04 -8.40982805e-06 -5.04604638e-06 -4.11310414e-04 -8.26534675e-06 -3.39468152e-07 -1.35799986e-06 -1.44481303e-07
220              -6.21313395e-06 -4.20276549e-04 -8.89103562e-06 -5.87867578e-06 -4.18806603e-04 -8.72264620e-06 -3.34458179e-07 -1.46994609e-06 -1.68389422e-07
230              -5.00589668e-06 -4.19075755e-04 -9.11210199e-06 -4.66864858e-06 -4.17605445e-04 -8.95255834e-06 -3.37248106e-07 -1.47030923e-06 -1.59543651e-07
240              -2.44384810e-07 -4.26395761e-04 -8.17126264e-06 3.32393097e-08 -4.24868904e-04 -8.03795856e-06 -2.77624120e-07 -1.52685759e-06 -1.33304081e-07
250              7.58452018e-07 -4.26846785e-04 -8.76873791e-06 9.99982813e-07 -4.25284429e-04 -8.64615397e-06 -2.41530796e-07 -1.56235529e-06 -1.22583937e-07
260              1.22268484e-06 -4.32301679e-04 -7.58777591e-06 1.40635695e-06 -4.30717115e-04 -7.54094101e-06 -1.83672119e-07 -1.58456395e-06 -4.68349003e-08
270              -8.67180625e-07 -4.37569955e-04 -7.33860655e-06 -6.95679595e-07 -4.35929266e-04 -7.28599147e-06 -1.71501030e-07 -1.64068892e-06 -5.26150813e-08
280              -3.91106685e-06 -4.43204260e-04 -8.23400811e-06 -3.71600969e-06 -4.41529525e-04 -8.13202099e-06 -1.95057156e-07 -1.67473440e-06 -1.01987125e-07
290              -7.30046953e-06 -4.50657753e-04 -7.67402809e-06 -7.09537690e-06 -4.48924621e-04 -7.59914670e-06 -2.05092630e-07 -1.73313186e-06 -7.48813925e-08
300              -8.75904605e-06 -4.55666067e-04 -7.40398986e-06 -8.50460670e-06 -4.53891603e-04 -7.34847880e-06 -2.54439343e-07 -1.77446393e-06 -5.55110620e-08
310              -8.66567798e-06 -4.61091595e-04 -8.24734824e-06 -8.36559707e-06 -4.59266226e-04 -8.18704004e-06 -3.00080919e-07 -1.82536857e-06 -6.03082004e-08
320              -8.92111230e-06 -4.64205897e-04 -8.50134539e-06 -8.60411026e-06 -4.62333640e-04 -8.41120466e-06 -3.17002040e-07 -1.87225635e-06 -9.01407379e-08
330              -8.85517527e-06 -4.67552453e-04 -8.63848490e-06 -8.52782105e-06 -4.65647772e-04 -8.53779970e-06 -3.27354221e-07 -1.90468085e-06 -1.00685202e-07
340              -8.30485250e-06 -4.71503456e-04 -8.78100376e-06 -7.97364875e-06 -4.69566157e-04 -8.66302756e-06 -3.31203754e-07 -1.93729958e-06 -1.17976204e-07
350              -9.40478258e-06 -4.76385246e-04 -8.23926198e-06 -9.05836217e-06 -4.74414212e-04 -8.12668546e-06 -3.46420412e-07 -1.97103480e-06 -1.12576522e-07
360              -1.13086678e-05 -4.81869023e-04 -8.64245159e-06 -1.09558375e-05 -4.79849532e-04 -8.57782121e-06 -3.52830256e-07 -2.01949135e-06 -6.46303803e-08
370              -1.39651827e-05 -4.86776342e-04 -9.16218424e-06 -1.35990967e-05 -4.84707098e-04 -9.14184583e-06 -3.66085983e-07 -2.06924395e-06 -2.03384181e-08
380              -1.58526697e-05 -4.90968067e-04 -9.18451567e-06 -1.54567419e-05 -4.88843372e-04 -9.17738904e-06 -3.95927741e-07 -2.12469515e-06 -7.12662968e-09
390              -1.57057623e-05 -4.93754204e-04 -9.11490017e-06 -1.52865512e-05 -4.91576876e-04 -9.09336949e-06 -4.19211021e-07 -2.17732768e-06 -2.15306800e-08
400              -1.40192748e-05 -4.96153890e-04 -8.83361767e-06 -1.35949808e-05 -4.93921433e-04 -8.80553830e-06 -4.24294072e-07 -2.23245794e-06 -2.80793675e-08
410              -1.11721605e-05 -4.98377614e-04 -8.34716674e-06 -1.07670757e-05 -4.96091802e-04 -8.32213411e-06 -4.05084782e-07 -2.28581186e-06 -2.50326301e-08
420              -9.35780577e-06 -5.01633900e-04 -8.17268973e-06 -8.97779356e-06 -4.99300542e-04 -8.15333769e-06 -3.80012207e-07 -2.33335789e-06 -1.93520368e-08
430              -8.87450775e-06 -5.06125368e-04 -8.02836404e-06 -8.51944258e-06 -5.03745442e-04 -8.02284973e-06 -3.55065175e-07 -2.37992645e-06 -5.51430477e-09
440              -9.82395787e-06 -5.11710159e-04 -7.88679777e-06 -9.48229497e-06 -5.09281337e-04 -7.89011314e-06 -3.41662898e-07 -2.42882187e-06 3.31537596e-09
450              -1.13438924e-05 -5.17575691e-04 -7.97731037e-06 -1.09928956e-05 -5.15097442e-04 -7.96944106e-06 -3.50996758e-07 -2.47824853e-06 -7.86931005e-09
460              -1.26894105e-05 -5.22903988e-04 -8.02186897e-06 -1.23181761e-05 -5.20373083e-04 -8.00506413e-06 -3.71234314e-07 -2.53090452e-06 -1.68048329e-08
470              -1.30903304e-05 -5.27443311e-04 -8.14528815e-06 -1.26992508e-05 -5.24861944e-04 -8.13363745e-06 -3.91079574e-07 -2.58136754e-06 -1.16506970e-08
480              -1.28993264e-05 -5.31456587e-04 -8.46643476e-06 -1.25005854e-05 -5.28827523e-04 -8.46052293e-06 -3.98741068e-07 -2.62906383e-06 -5.91183143e-09
490              -1.27160260e-05 -5.35162658e-04 -8.82811312e-06 -1.23153668e-05 -5.32481967e-04 -8.81965100e-06 -4.00659250e-07 -2.68069123e-06 -8.46212117e-09
500              -1.25868534e-05 -5.38258359e-04 -9.14775843e-06 -1.21894892e-05 -5.35527095e-04 -9.13696749e-06 -3.97364223e-07 -2.73126415e-06 -1.07909333e-08
