# Force and moment coefficients
# dragDir       : (7.07106781e-01 0.00000000e+00 7.07106781e-01)
# sideDir       : (0.00000000e+00 1.00000000e+00 -0.00000000e+00)
# liftDir       : (-7.07106781e-01 0.00000000e+00 7.07106781e-01)
# rollAxis      : (7.07106781e-01 0.00000000e+00 7.07106781e-01)
# pitchAxis     : (0.00000000e+00 1.00000000e+00 -0.00000000e+00)
# yawAxis       : (-7.07106781e-01 0.00000000e+00 7.07106781e-01)
# magUInf       : 2.00000000e+00
# lRef          : 4.00040000e-02
# Aref          : 3.21484300e-04
# CofR          : (0.00000000e+00 0.00000000e+00 0.00000000e+00)
#
# Time          	Cd              	Cd(f)           	Cd(r)           	Cl              	Cl(f)           	Cl(r)           	CmPitch         	CmRoll          	CmYaw           	Cs              	Cs(f)           	Cs(r)           
10              	1.91088235e-01	9.55198010e-02	9.55684335e-02	-2.32462339e-02	-6.31350826e-02	3.98888486e-02	-5.15119656e-02	-2.43162712e-05	1.88803383e-04	2.70117995e-03	1.53939336e-03	1.16178659e-03
20              	1.42563901e+00	7.13157919e-01	7.12481086e-01	3.29427105e-01	1.82001414e-01	1.47425691e-01	1.72878611e-02	3.38416952e-04	-3.24447534e-04	1.55644518e-03	4.53775058e-04	1.10267013e-03
30              	7.06857625e-01	3.52432280e-01	3.54425345e-01	4.49505945e-02	3.77939131e-02	7.15668148e-03	1.53186158e-02	-9.96532707e-04	9.76208904e-05	3.84586142e-03	2.02055160e-03	1.82530982e-03
40              	5.38056319e-01	2.68014442e-01	2.70041876e-01	2.17489023e-01	8.99211222e-02	1.27567900e-01	-1.88233891e-02	-1.01371710e-03	1.02685159e-03	2.00020254e-03	2.02695286e-03	-2.67503213e-05
50              	5.10796635e-01	2.54755848e-01	2.56040787e-01	3.56092982e-01	1.66311743e-01	1.89781239e-01	-1.17347480e-02	-6.42469910e-04	1.41260963e-03	4.39832001e-04	1.63252563e-03	-1.19269363e-03
60              	4.78071572e-01	2.38696806e-01	2.39374766e-01	3.58829488e-01	1.65646727e-01	1.93182761e-01	-1.37680171e-02	-3.38979802e-04	2.50484106e-04	3.24410004e-03	1.87253413e-03	1.37156591e-03
70              	4.72871518e-01	2.35995940e-01	2.36875578e-01	4.55628384e-01	2.11164407e-01	2.44463977e-01	-1.66497847e-02	-4.39819028e-04	-3.30839979e-05	8.33251217e-04	3.83541610e-04	4.49709606e-04
80              	4.76186054e-01	2.38016548e-01	2.38169506e-01	4.54829815e-01	2.15645045e-01	2.39184770e-01	-1.17698626e-02	-7.64791318e-05	-1.49863012e-04	1.15145559e-03	4.25864784e-04	7.25590808e-04
90              	4.70891607e-01	2.35267911e-01	2.35623696e-01	4.65461173e-01	2.19065859e-01	2.46395315e-01	-1.36647281e-02	-1.77892642e-04	1.27886411e-04	8.14113250e-04	5.34943036e-04	2.79170213e-04
100             	4.77547840e-01	2.38016234e-01	2.39531606e-01	5.18225613e-01	2.44368207e-01	2.73857405e-01	-1.47445992e-02	-7.57686032e-04	1.61445105e-04	-6.56016654e-05	1.28644273e-04	-1.94245938e-04
110             	4.71020682e-01	2.35325217e-01	2.35695465e-01	4.87408285e-01	2.32172319e-01	2.55235966e-01	-1.15318238e-02	-1.85124239e-04	1.03166061e-04	1.19593870e-03	7.01135413e-04	4.94803291e-04
120             	4.72949977e-01	2.36284234e-01	2.36665743e-01	5.22454881e-01	2.45296992e-01	2.77157889e-01	-1.59304482e-02	-1.90754538e-04	-9.39918367e-06	4.51717323e-04	2.16459478e-04	2.35257845e-04
130             	4.76039389e-01	2.37710267e-01	2.38329122e-01	5.10884630e-01	2.42321769e-01	2.68562860e-01	-1.31205455e-02	-3.09427668e-04	-2.49125190e-04	4.02402114e-04	-4.79241333e-05	4.50326247e-04
140             	4.75461360e-01	2.37480643e-01	2.37980717e-01	5.18939249e-01	2.44807609e-01	2.74131640e-01	-1.46620156e-02	-2.50037061e-04	-2.07980798e-04	9.16595342e-04	2.50316873e-04	6.66278469e-04
150             	4.79790577e-01	2.39703889e-01	2.40086687e-01	5.31438560e-01	2.50745142e-01	2.80693418e-01	-1.49741383e-02	-1.91398876e-04	-7.38786383e-05	1.40972710e-03	6.30984914e-04	7.78742190e-04
160             	4.78933783e-01	2.39194151e-01	2.39739632e-01	5.25413369e-01	2.48629692e-01	2.76783677e-01	-1.40769923e-02	-2.72740876e-04	-2.27128315e-04	4.32462050e-04	-1.08972901e-05	4.43359340e-04
170             	4.80517026e-01	2.39945668e-01	2.40571359e-01	5.36374160e-01	2.53041274e-01	2.83332886e-01	-1.51458062e-02	-3.12845582e-04	-2.46115784e-05	1.04045237e-03	4.95614609e-04	5.44837765e-04
180             	4.83663468e-01	2.41444900e-01	2.42218568e-01	5.36848099e-01	2.53441970e-01	2.83406129e-01	-1.49820792e-02	-3.86833745e-04	3.50086035e-06	1.19811329e-03	6.02557505e-04	5.95555784e-04
190             	4.85344038e-01	2.42244843e-01	2.43099195e-01	5.44725856e-01	2.57035285e-01	2.87690571e-01	-1.53276433e-02	-4.27175653e-04	-1.66027131e-04	8.88663787e-04	2.78304762e-04	6.10359025e-04
200             	4.89428411e-01	2.44308728e-01	2.45119683e-01	5.50193936e-01	2.59647842e-01	2.90546094e-01	-1.54491262e-02	-4.05477537e-04	-3.67923854e-05	1.50196433e-03	7.14189780e-04	7.87774551e-04
210             	4.91480968e-01	2.45417596e-01	2.46063372e-01	5.54787471e-01	2.61723811e-01	2.93063661e-01	-1.56699251e-02	-3.22888269e-04	-6.11203548e-05	1.63327865e-03	7.55518968e-04	8.77759678e-04
220             	4.93284363e-01	2.46223360e-01	2.47061003e-01	5.61454556e-01	2.64783214e-01	2.96671342e-01	-1.59440640e-02	-4.18821425e-04	-8.48179258e-05	1.37866005e-03	6.04512099e-04	7.74147951e-04
230             	4.93289972e-01	2.46239292e-01	2.47050680e-01	5.61901551e-01	2.65060996e-01	2.96840555e-01	-1.58897791e-02	-4.05694099e-04	-1.01072585e-04	1.72716431e-03	7.62509568e-04	9.64654739e-04
240             	4.94005427e-01	2.46705518e-01	2.47299908e-01	5.65537602e-01	2.66596640e-01	2.98940962e-01	-1.61721607e-02	-2.97194928e-04	-1.73789679e-04	1.88175535e-03	7.67087998e-04	1.11466736e-03
250             	4.96221735e-01	2.47835325e-01	2.48386410e-01	5.67736319e-01	2.67693337e-01	3.00042983e-01	-1.61748230e-02	-2.75542698e-04	-2.24329883e-04	1.40671619e-03	4.79028215e-04	9.27687980e-04
260             	4.99020461e-01	2.49326205e-01	2.49694256e-01	5.72334785e-01	2.69772855e-01	3.02561930e-01	-1.63945377e-02	-1.84025570e-04	-2.03733634e-04	1.42150812e-03	5.07020425e-04	9.14487694e-04
270             	5.02437871e-01	2.51044057e-01	2.51393814e-01	5.77579726e-01	2.72187757e-01	3.05391969e-01	-1.66021057e-02	-1.74878599e-04	-2.03750754e-04	1.17975483e-03	3.86126660e-04	7.93628168e-04
280             	5.05166131e-01	2.52322179e-01	2.52843951e-01	5.82393750e-01	2.74382719e-01	3.08011031e-01	-1.68141563e-02	-2.60886070e-04	-1.99918724e-04	9.46853515e-04	2.73508034e-04	6.73345481e-04
290             	5.06967994e-01	2.53156531e-01	2.53811463e-01	5.87284503e-01	2.76533990e-01	3.10750513e-01	-1.71082616e-02	-3.27465934e-04	-6.93280752e-05	1.20665483e-03	5.33999341e-04	6.72655491e-04
300             	5.07456037e-01	2.53354905e-01	2.54101132e-01	5.89952828e-01	2.77677085e-01	3.12275743e-01	-1.72993292e-02	-3.73113857e-04	-9.05461115e-07	1.35036805e-03	6.74278565e-04	6.76089488e-04
310             	5.07303597e-01	2.53203875e-01	2.54099721e-01	5.92077794e-01	2.78532373e-01	3.13545421e-01	-1.75065239e-02	-4.47923102e-04	6.49759229e-06	1.40858364e-03	7.10789411e-04	6.97794226e-04
320             	5.07868999e-01	2.53425378e-01	2.54443621e-01	5.93804288e-01	2.79282390e-01	3.14521898e-01	-1.76197543e-02	-5.09121619e-04	5.47821436e-05	1.77003490e-03	9.39799596e-04	8.30235308e-04
330             	5.09901311e-01	2.54415482e-01	2.55485830e-01	5.96806244e-01	2.80659668e-01	3.16146576e-01	-1.77434537e-02	-5.35173831e-04	5.61954660e-05	2.09479911e-03	1.10359502e-03	9.91204090e-04
340             	5.12834406e-01	2.55904217e-01	2.56930188e-01	6.00994103e-01	2.82606184e-01	3.18387919e-01	-1.78908673e-02	-5.12985688e-04	3.25501842e-05	2.20892759e-03	1.13701398e-03	1.07191361e-03
350             	5.15666801e-01	2.57354919e-01	2.58311882e-01	6.05558306e-01	2.84703182e-01	3.20855124e-01	-1.80759710e-02	-4.78481699e-04	5.42322084e-05	2.32713361e-03	1.21779901e-03	1.10933459e-03
360             	5.18171155e-01	2.58572803e-01	2.59598352e-01	6.10141611e-01	2.86787300e-01	3.23354311e-01	-1.82835059e-02	-5.12774798e-04	5.88650830e-05	2.28359280e-03	1.20066148e-03	1.08293132e-03
370             	5.20112762e-01	2.59460978e-01	2.60651784e-01	6.14169779e-01	2.88616467e-01	3.25553312e-01	-1.84684229e-02	-5.95402649e-04	9.83344713e-05	2.36968732e-03	1.28317813e-03	1.08650919e-03
380             	5.21571422e-01	2.60136117e-01	2.61435305e-01	6.17805560e-01	2.90278715e-01	3.27526845e-01	-1.86240652e-02	-6.49593747e-04	1.50944458e-04	2.58874312e-03	1.44531602e-03	1.14342710e-03
390             	5.22975433e-01	2.60825409e-01	2.62150025e-01	6.21131708e-01	2.91835141e-01	3.29296566e-01	-1.87307126e-02	-6.62307901e-04	1.59048379e-04	2.72889568e-03	1.52349622e-03	1.20539946e-03
400             	5.24372625e-01	2.61564331e-01	2.62808294e-01	6.24390845e-01	2.93377989e-01	3.31012856e-01	-1.88174333e-02	-6.21981668e-04	1.42768049e-04	2.82410643e-03	1.55482126e-03	1.26928517e-03
410             	5.25797264e-01	2.62360326e-01	2.63436938e-01	6.27566376e-01	2.94877427e-01	3.32688949e-01	-1.89057607e-02	-5.38305800e-04	9.60668650e-05	2.83030730e-03	1.51122052e-03	1.31908679e-03
420             	5.27732357e-01	2.63382433e-01	2.64349924e-01	6.31110627e-01	2.96517689e-01	3.34592938e-01	-1.90376243e-02	-4.83745645e-04	4.87080650e-05	2.65838902e-03	1.37790258e-03	1.28048645e-03
430             	5.30412548e-01	2.64751860e-01	2.65660688e-01	6.35562033e-01	2.98565193e-01	3.36996840e-01	-1.92158236e-02	-4.54413721e-04	2.99820338e-05	2.43354735e-03	1.24675571e-03	1.18679164e-03
440             	5.33293819e-01	2.66182105e-01	2.67111714e-01	6.40528088e-01	3.00834166e-01	3.39693922e-01	-1.94298783e-02	-4.64804572e-04	4.67908441e-05	2.28599407e-03	1.18978788e-03	1.09620619e-03
450             	5.35812981e-01	2.67401372e-01	2.68411609e-01	6.45423778e-01	3.03061797e-01	3.42361981e-01	-1.96500919e-02	-5.05118314e-04	7.09006714e-05	2.23809010e-03	1.18994572e-03	1.04814438e-03
460             	5.37793946e-01	2.68357392e-01	2.69436554e-01	6.49875209e-01	3.05090996e-01	3.44784214e-01	-1.98466091e-02	-5.39581401e-04	1.06329985e-04	2.32336953e-03	1.26801475e-03	1.05535478e-03
470             	5.39649119e-01	2.69270628e-01	2.70378491e-01	6.54063119e-01	3.07020207e-01	3.47042912e-01	-2.00113528e-02	-5.53931505e-04	1.22089403e-04	2.43188505e-03	1.33803193e-03	1.09385312e-03
480             	5.41487860e-01	2.70183654e-01	2.71304206e-01	6.58119462e-01	3.08900064e-01	3.49219398e-01	-2.01596674e-02	-5.60276010e-04	1.19797415e-04	2.55173247e-03	1.39566365e-03	1.15606882e-03
490             	5.43348932e-01	2.71103816e-01	2.72245116e-01	6.62166459e-01	3.10784457e-01	3.51382002e-01	-2.02987725e-02	-5.70650357e-04	1.13310504e-04	2.67872172e-03	1.45267137e-03	1.22605036e-03
500             	5.45341522e-01	2.72084765e-01	2.73256757e-01	6.66351969e-01	3.12756367e-01	3.53595602e-01	-2.04196177e-02	-5.85995681e-04	1.03368873e-04	2.79543991e-03	1.50108883e-03	1.29435108e-03
