# Force         
# CofR          : (0.00000000e+00 0.00000000e+00 0.00000000e+00)
#
# Time          	total_x total_y total_z	pressure_x pressure_y pressure_z	viscous_x viscous_y viscous_z
10               2.74326883e-02 3.01274431e-04 2.73632027e-02 2.47810251e-02 3.01351064e-04 3.00300544e-02 2.65166317e-03 -7.66327715e-08 -2.66685170e-03
20               1.24497043e-01 2.78727267e-04 1.97862708e-01 1.19075655e-01 2.87474898e-04 1.94623954e-01 5.42138885e-03 -8.74763085e-06 3.23875412e-03
30               7.19780708e-02 4.71899490e-04 9.25559276e-02 6.70983815e-02 4.85934140e-04 8.77329319e-02 4.87968933e-03 -1.40346501e-05 4.82299563e-03
40               3.64053547e-02 4.38298400e-04 9.69520514e-02 3.18421158e-02 4.38191972e-04 9.21871192e-02 4.56323896e-03 1.06427963e-07 4.76493214e-03
50               2.11398393e-02 5.71094035e-04 1.04812754e-01 1.65154832e-02 5.67861800e-04 9.96846020e-02 4.62435603e-03 3.23223505e-06 5.12815176e-03
60               1.75022569e-02 1.96114228e-04 1.01083862e-01 1.26846618e-02 1.94030136e-04 9.60046056e-02 4.81759508e-03 2.08409150e-06 5.07925678e-03
70               6.86338682e-03 1.96098641e-04 1.11891263e-01 2.15734857e-03 2.00287296e-04 1.06638007e-01 4.70603825e-03 -4.18865473e-06 5.25325517e-03
80               7.63183420e-03 1.46990230e-04 1.12078137e-01 2.91390459e-03 1.48518722e-04 1.06766570e-01 4.71792962e-03 -1.52849184e-06 5.31156759e-03
90               5.40881123e-03 2.03479464e-04 1.13574495e-01 6.00531615e-04 2.06693026e-04 1.08274856e-01 4.80827961e-03 -3.21356244e-06 5.29963835e-03
100              1.79741231e-03 3.63435149e-04 1.19206278e-01 -2.89331048e-03 3.62276813e-04 1.13753227e-01 4.69072279e-03 1.15833529e-06 5.45305079e-03
110              3.43613316e-03 1.47284726e-04 1.16689030e-01 -1.38084342e-03 1.51668964e-04 1.11307175e-01 4.81697658e-03 -4.38423815e-06 5.38185528e-03
120              -6.03920600e-04 4.02990536e-04 1.21654489e-01 -5.30670346e-03 4.03825823e-04 1.16128139e-01 4.70278286e-03 -8.35286021e-07 5.52635033e-03
130              1.52186102e-03 2.74428824e-04 1.19941280e-01 -3.23547530e-03 2.74986796e-04 1.14442507e-01 4.75733632e-03 -5.57972515e-07 5.49877305e-03
140              -5.26118564e-04 3.02691071e-04 1.22279032e-01 -5.26773858e-03 3.03110393e-04 1.16720736e-01 4.74162002e-03 -4.19321953e-07 5.55829580e-03
150              -1.23400163e-03 2.51045973e-04 1.24456128e-01 -5.95994490e-03 2.50834954e-04 1.18860421e-01 4.72594327e-03 2.11019192e-07 5.59570653e-03
160              -1.38097978e-03 3.05351049e-04 1.24770762e-01 -6.13923100e-03 3.06414564e-04 1.19153109e-01 4.75825121e-03 -1.06351468e-06 5.61765335e-03
170              -2.44398749e-03 2.59075853e-04 1.27195402e-01 -7.17692616e-03 2.60415599e-04 1.21518421e-01 4.73293868e-03 -1.33974592e-06 5.67698044e-03
180              -2.55845232e-03 3.05997574e-04 1.28394996e-01 -7.31300732e-03 3.09182836e-04 1.22693636e-01 4.75455500e-03 -3.18526178e-06 5.70136017e-03
190              -3.76903093e-03 3.60603724e-04 1.30192232e-01 -8.51383177e-03 3.61062118e-04 1.24438129e-01 4.74480085e-03 -4.58393893e-07 5.75410282e-03
200              -4.20031608e-03 3.15574213e-04 1.31312107e-01 -8.94629658e-03 3.17328089e-04 1.25522102e-01 4.74598050e-03 -1.75387585e-06 5.79000494e-03
210              -4.64603420e-03 4.09345474e-04 1.32549011e-01 -9.39940160e-03 4.10286611e-04 1.26721560e-01 4.75336740e-03 -9.41136887e-07 5.82745078e-03
220              -5.33274897e-03 3.78471550e-04 1.34493031e-01 -1.00794576e-02 3.78973458e-04 1.28619137e-01 4.74670858e-03 -5.01908313e-07 5.87389430e-03
230              -5.78683954e-03 3.41219608e-04 1.35968209e-01 -1.05380702e-02 3.42513946e-04 1.30051468e-01 4.75123063e-03 -1.29433739e-06 5.91674090e-03
240              -6.45253132e-03 2.95425612e-04 1.37438004e-01 -1.11995553e-02 2.98287819e-04 1.31470135e-01 4.74702399e-03 -2.86220733e-06 5.96786905e-03
250              -6.87413168e-03 2.60574123e-04 1.38433128e-01 -1.16219819e-02 2.63277466e-04 1.32420780e-01 4.74785026e-03 -2.70334292e-06 6.01234741e-03
260              -7.22979638e-03 1.69838026e-04 1.39336192e-01 -1.19789015e-02 1.72340786e-04 1.33281041e-01 4.74910509e-03 -2.50275948e-06 6.05515097e-03
270              -7.44668395e-03 1.26798890e-04 1.40665486e-01 -1.21959483e-02 1.28334179e-04 1.34566542e-01 4.74926440e-03 -1.53528945e-06 6.09894373e-03
280              -7.63225002e-03 8.61370045e-05 1.41980809e-01 -1.23839002e-02 8.69098774e-05 1.35836006e-01 4.75165015e-03 -7.72872836e-07 6.14480275e-03
290              -7.92523853e-03 7.58087138e-05 1.43306728e-01 -1.26753276e-02 7.64805502e-05 1.37110095e-01 4.75008910e-03 -6.71836408e-07 6.19663396e-03
300              -8.14033695e-03 1.23830603e-04 1.44314815e-01 -1.28915684e-02 1.23823037e-04 1.38067289e-01 4.75123145e-03 7.56647022e-09 6.24752595e-03
310              -8.34016279e-03 1.66458102e-04 1.45049371e-01 -1.30926573e-02 1.65157790e-04 1.38751561e-01 4.75249448e-03 1.30031238e-06 6.29780977e-03
320              -8.39758353e-03 2.01029073e-04 1.45831164e-01 -1.31534507e-02 1.98852118e-04 1.39485743e-01 4.75586716e-03 2.17695459e-06 6.34542097e-03
330              -8.43014796e-03 2.25939211e-04 1.46842100e-01 -1.31892209e-02 2.23299503e-04 1.40449525e-01 4.75907296e-03 2.63970758e-06 6.39257471e-03
340              -8.47006915e-03 2.13664770e-04 1.47991253e-01 -1.32313365e-02 2.11314827e-04 1.41549541e-01 4.76126731e-03 2.34994254e-06 6.44171185e-03
350              -8.52635855e-03 1.91055724e-04 1.49077985e-01 -1.32897506e-02 1.89677267e-04 1.42586585e-01 4.76339202e-03 1.37845688e-06 6.49139993e-03
360              -8.59631012e-03 1.52124356e-04 1.49920585e-01 -1.33612755e-02 1.51906163e-04 1.43381437e-01 4.76496534e-03 2.18192520e-07 6.53914812e-03
370              -8.54409653e-03 6.15350293e-05 1.50703719e-01 -1.33100510e-02 6.34364314e-05 1.44119632e-01 4.76595447e-03 -1.90140211e-06 6.58408695e-03
380              -8.37291020e-03 -1.18487519e-04 1.51607465e-01 -1.31361813e-02 -1.12411697e-04 1.44982063e-01 4.76327112e-03 -6.07582184e-06 6.62540182e-03
390              -8.04566300e-03 -5.24347628e-04 1.52616972e-01 -1.27956678e-02 -5.14380071e-04 1.45953382e-01 4.75000483e-03 -9.96755711e-06 6.66359011e-03
400              -7.66307125e-03 -1.01919912e-03 1.53727883e-01 -1.23942745e-02 -1.01493200e-03 1.47033815e-01 4.73120324e-03 -4.26711653e-06 6.69406807e-03
410              -7.28713152e-03 -1.14304061e-03 1.54930779e-01 -1.20144707e-02 -1.15252546e-03 1.48202446e-01 4.72733921e-03 9.48485240e-06 6.72833221e-03
420              -7.12185238e-03 -7.90568439e-04 1.56033421e-01 -1.18427936e-02 -8.11358741e-04 1.49274702e-01 4.72094126e-03 2.07903024e-05 6.75871873e-03
430              -7.07866861e-03 -2.10961388e-04 1.57002016e-01 -1.17917625e-02 -2.33289813e-04 1.50212562e-01 4.71309390e-03 2.23284250e-05 6.78945401e-03
440              -6.95569416e-03 -1.20077484e-05 1.57924640e-01 -1.16628180e-02 -2.29878156e-05 1.51109931e-01 4.70712388e-03 1.09800672e-05 6.81470850e-03
450              -7.00170687e-03 -3.47222033e-04 1.58624222e-01 -1.16879315e-02 -3.39390332e-04 1.51782449e-01 4.68622467e-03 -7.83170069e-06 6.84177285e-03
460              -7.30855354e-03 -4.92910227e-04 1.59561864e-01 -1.19765433e-02 -4.82604870e-04 1.52689307e-01 4.66798971e-03 -1.03053572e-05 6.87255650e-03
470              -8.25062624e-03 -3.32653442e-04 1.61146462e-01 -1.29202104e-02 -3.24838481e-04 1.54241418e-01 4.66958413e-03 -7.81496025e-06 6.90504397e-03
480              -9.38859282e-03 -2.96951237e-05 1.62870405e-01 -1.40580444e-02 -2.59519898e-05 1.55931216e-01 4.66945162e-03 -3.74313394e-06 6.93918903e-03
490              -1.02938186e-02 2.59093046e-04 1.64527664e-01 -1.49611476e-02 2.62179070e-04 1.57556587e-01 4.66732903e-03 -3.08602455e-06 6.97107720e-03
500              -1.10908343e-02 8.08760487e-04 1.66030487e-01 -1.57570883e-02 8.06408870e-04 1.59030692e-01 4.66625404e-03 2.35161628e-06 6.99979549e-03
