# Moment        
# CofR          : (0.00000000e+00 0.00000000e+00 0.00000000e+00)
#
# Time          	total_x total_y total_z	pressure_x pressure_y pressure_z	viscous_x viscous_y viscous_z
10               2.39744415e-05 3.97046516e-05 4.80031324e-06 2.23918987e-05 3.94730864e-05 4.74861793e-06 1.58254283e-06 2.31565259e-07 5.16953110e-08
20               -3.58309350e-06 -4.41915179e-05 8.25466985e-06 -3.67424597e-06 -4.43264280e-05 8.53072716e-06 9.11524771e-08 1.34910116e-07 -2.76057303e-07
30               9.30649374e-06 -1.91614134e-05 -1.05426288e-07 9.81966772e-06 -1.85230763e-05 6.56185169e-07 -5.13173978e-07 -6.38337130e-07 -7.61611457e-07
40               -2.02361287e-07 1.06344021e-05 -2.90798711e-06 2.89578246e-08 1.10808697e-05 -2.74747478e-06 -2.31319112e-07 -4.46467570e-07 -1.60512327e-07
50               1.57101763e-06 8.37250619e-06 -7.69674286e-06 1.64924465e-06 8.67143571e-06 -7.77264113e-06 -7.82270189e-08 -2.98929522e-07 7.58982745e-08
60               1.30549055e-05 4.61070396e-06 1.93524857e-06 1.30521709e-05 5.01626869e-06 1.92230797e-06 2.73458016e-09 -4.05564727e-07 1.29406015e-08
70               8.86854266e-06 -3.34399849e-06 3.95668501e-07 8.70106797e-06 -3.24284131e-06 4.51177527e-07 1.67474696e-07 -1.01157187e-07 -5.55090256e-08
80               2.16995037e-06 -7.55693633e-06 -2.24661730e-07 2.05648012e-06 -7.52521056e-06 -1.65347616e-07 1.13470242e-07 -3.17257713e-08 -5.93141136e-08
90               1.86907546e-06 -1.32877302e-05 -2.04081272e-07 1.76583429e-06 -1.32338870e-05 -1.65355349e-07 1.03241165e-07 -5.38431804e-08 -3.87259227e-08
100              1.70287573e-06 -1.51239475e-05 2.84971472e-07 1.61198028e-06 -1.50715666e-05 3.00245529e-07 9.08954530e-08 -5.23809312e-08 -1.52740573e-08
110              1.78888823e-06 -1.40045609e-05 1.07489532e-06 1.71020320e-06 -1.39776920e-05 1.08308874e-06 7.86850321e-08 -2.68688817e-08 -8.19342432e-09
120              2.91451385e-06 -1.28957114e-05 1.16636371e-06 2.86264309e-06 -1.28810960e-05 1.15496777e-06 5.18707624e-08 -1.46153728e-08 1.13959460e-08
130              3.76374896e-06 -1.19102816e-05 9.13670755e-07 3.71870279e-06 -1.19064564e-05 8.83170426e-07 4.50461704e-08 -3.82516471e-09 3.05003291e-08
140              3.71176668e-06 -1.04145170e-05 7.83395540e-07 3.66175869e-06 -1.04422179e-05 7.45553864e-07 5.00079820e-08 2.77009111e-08 3.78416765e-08
150              3.47460070e-06 -8.81039814e-06 6.46770048e-07 3.42302601e-06 -8.87054512e-06 6.03487139e-07 5.15746983e-08 6.01469780e-08 4.32829097e-08
160              3.37983493e-06 -7.56473274e-06 5.39416861e-07 3.32815035e-06 -7.65364421e-06 4.94802198e-07 5.16845769e-08 8.89114652e-08 4.46146635e-08
170              3.31927117e-06 -6.56299307e-06 6.99381567e-07 3.26188929e-06 -6.66982709e-06 6.56995295e-07 5.73818796e-08 1.06834022e-07 4.23862721e-08
180              3.10292055e-06 -5.75587448e-06 1.08262714e-06 3.04307331e-06 -5.88427590e-06 1.04241356e-06 5.98472379e-08 1.28401419e-07 4.02135776e-08
190              2.93363271e-06 -5.09994521e-06 1.32504256e-06 2.87866232e-06 -5.24297840e-06 1.28547953e-06 5.49703897e-08 1.43033188e-07 3.95630287e-08
200              2.81693830e-06 -4.50131290e-06 1.34529455e-06 2.75825207e-06 -4.66529797e-06 1.31137475e-06 5.86862262e-08 1.63985071e-07 3.39197982e-08
210              2.62470446e-06 -4.13958109e-06 1.31443607e-06 2.56752726e-06 -4.31520313e-06 1.28643530e-06 5.71772065e-08 1.75622048e-07 2.80007678e-08
220              2.45728890e-06 -3.81321521e-06 1.35248352e-06 2.39328623e-06 -3.99828607e-06 1.33009446e-06 6.40026755e-08 1.85070861e-07 2.23890693e-08
230              2.31378252e-06 -3.49524129e-06 1.42846991e-06 2.25000319e-06 -3.68901033e-06 1.40654628e-06 6.37793358e-08 1.93769040e-07 2.19236356e-08
240              2.18553957e-06 -3.08309318e-06 1.45489878e-06 2.11282139e-06 -3.29511022e-06 1.43916944e-06 7.27181775e-08 2.12017044e-07 1.57293473e-08
250              1.93059517e-06 -2.60971325e-06 1.43120071e-06 1.85627577e-06 -2.83441631e-06 1.42481517e-06 7.43194069e-08 2.24703057e-07 6.38553742e-09
260              1.59275274e-06 -2.12360579e-06 1.32332282e-06 1.52763527e-06 -2.35747314e-06 1.32418381e-06 6.51174732e-08 2.33867358e-07 -8.60982624e-10
270              1.23441939e-06 -1.56292459e-06 1.20931039e-06 1.17440041e-06 -1.81451928e-06 1.21248381e-06 6.00189854e-08 2.51594692e-07 -3.17341355e-09
280              9.67062092e-07 -8.43419436e-07 1.18543122e-06 9.11648060e-07 -1.11109587e-06 1.19276559e-06 5.54140321e-08 2.67676435e-07 -7.33436424e-09
290              5.43015443e-07 -1.86330319e-07 1.22252885e-06 4.93425674e-07 -4.65451329e-07 1.23185004e-06 4.95897696e-08 2.79121010e-07 -9.32119216e-09
300              5.86995086e-08 3.69590588e-07 1.25306635e-06 1.75572672e-08 8.98469799e-08 1.26472059e-06 4.11422414e-08 2.79743608e-07 -1.16542393e-08
310              -3.54814824e-07 8.87152828e-07 1.23803497e-06 -3.95799350e-07 5.96710197e-07 1.25107106e-06 4.09845255e-08 2.90442631e-07 -1.30360876e-08
320              -6.34473157e-07 1.41809950e-06 1.19847719e-06 -6.71709063e-07 1.11363197e-06 1.21408335e-06 3.72359056e-08 3.04467527e-07 -1.56061621e-08
330              -9.99485300e-07 1.99747609e-06 1.28421488e-06 -1.02114932e-06 1.68508901e-06 1.30075733e-06 2.16640165e-08 3.12387085e-07 -1.65424450e-08
340              -1.41209484e-06 2.66067051e-06 1.43533988e-06 -1.41991274e-06 2.33852364e-06 1.44992424e-06 7.81790259e-09 3.22146863e-07 -1.45843622e-08
350              -1.84253654e-06 3.29381619e-06 1.52489519e-06 -1.85090718e-06 2.95178343e-06 1.54115468e-06 8.37063937e-09 3.42032761e-07 -1.62594905e-08
360              -2.53305253e-06 3.73462838e-06 2.06546227e-06 -2.55592796e-06 3.37569499e-06 2.09785791e-06 2.28754389e-08 3.58933389e-07 -3.23956395e-08
370              -3.18463944e-06 4.20306477e-06 2.77390403e-06 -3.19235000e-06 3.83463635e-06 2.81265593e-06 7.71055920e-09 3.68428424e-07 -3.87518983e-08
380              -3.87968871e-06 4.70662316e-06 3.19494025e-06 -3.86534709e-06 4.33371541e-06 3.23243272e-06 -1.43416203e-08 3.72907751e-07 -3.74924643e-08
390              -4.59246087e-06 5.26481921e-06 3.36004185e-06 -4.55509129e-06 4.87960085e-06 3.39405007e-06 -3.73695787e-08 3.85218364e-07 -3.40082117e-08
400              -5.26840753e-06 6.08750201e-06 3.41048151e-06 -5.21275107e-06 5.68165627e-06 3.44375393e-06 -5.56564659e-08 4.05845742e-07 -3.32724281e-08
410              -6.12463883e-06 6.79221629e-06 3.41147587e-06 -6.04424903e-06 6.37125750e-06 3.44724200e-06 -8.03898008e-08 4.20958794e-07 -3.57661257e-08
420              -6.97959720e-06 7.55001251e-06 3.49500660e-06 -6.88323670e-06 7.10489127e-06 3.53017675e-06 -9.63605033e-08 4.45121243e-07 -3.51701462e-08
430              -7.76624120e-06 8.42895657e-06 3.43545247e-06 -7.65142834e-06 7.97029370e-06 3.47248138e-06 -1.14812863e-07 4.58662864e-07 -3.70289054e-08
440              -8.33302002e-06 9.53421667e-06 3.05110860e-06 -8.19307919e-06 9.07576721e-06 3.08711175e-06 -1.39940833e-07 4.58449455e-07 -3.60031442e-08
450              -8.78747154e-06 1.07284131e-05 2.41872329e-06 -8.62551553e-06 1.02636662e-05 2.45050750e-06 -1.61956015e-07 4.64746985e-07 -3.17842103e-08
460              -9.38220223e-06 1.17825060e-05 2.04241404e-06 -9.20105360e-06 1.13086468e-05 2.06467415e-06 -1.81148622e-07 4.73859189e-07 -2.22601130e-08
470              -1.00722701e-05 1.27932176e-05 1.96264640e-06 -9.87104167e-06 1.23086977e-05 1.97126069e-06 -2.01228452e-07 4.84519951e-07 -8.61428497e-09
480              -1.08230589e-05 1.38419516e-05 1.98168495e-06 -1.06139516e-05 1.33292817e-05 1.98653778e-06 -2.09107226e-07 5.12669944e-07 -4.85283144e-09
490              -1.14639383e-05 1.51613918e-05 1.88161513e-06 -1.12408273e-05 1.46247630e-05 1.89038343e-06 -2.23111065e-07 5.36628878e-07 -8.76830563e-09
500              -1.19546752e-05 1.65094814e-05 1.75518872e-06 -1.17251638e-05 1.59459415e-05 1.77227787e-06 -2.29511479e-07 5.63539880e-07 -1.70891504e-08
