# Moment        
# CofR          : (0.00000000e+00 0.00000000e+00 0.00000000e+00)
#
# Time          	total_x total_y total_z	pressure_x pressure_y pressure_z	viscous_x viscous_y viscous_z
10               -3.68910820e-06 -3.23074808e-04 8.10934233e-08 -3.45243960e-06 -3.28644552e-04 4.31952307e-08 -2.36668598e-07 5.56974431e-06 3.78981926e-08
20               -4.03862053e-06 1.32561459e-04 -2.06370810e-06 -4.28547192e-06 1.24024161e-04 -1.63134488e-06 2.46851392e-07 8.53729784e-06 -4.32363218e-07
30               -9.50545868e-07 7.89349057e-05 -3.13660330e-06 -9.26100488e-07 7.71262875e-05 -3.11875633e-06 -2.44453804e-08 1.80861821e-06 -1.78469738e-08
40               -6.61617154e-06 -1.26823425e-04 -3.60285013e-06 -6.49912441e-06 -1.26407687e-04 -3.52975466e-06 -1.17047126e-07 -4.15737930e-07 -7.30954639e-08
50               -2.17276690e-06 -6.40986804e-05 -4.54047601e-06 -2.03759364e-06 -6.35602458e-05 -4.44624901e-06 -1.35173253e-07 -5.38434584e-07 -9.42269996e-08
60               -1.07842500e-07 -8.96096715e-05 -7.72665813e-07 -4.93002404e-08 -8.92461073e-05 -7.11071158e-07 -5.85422591e-08 -3.63564251e-07 -6.15946546e-08
70               -1.56014957e-06 -9.71300477e-05 -2.06751100e-06 -1.44293318e-06 -9.60856180e-05 -1.95986102e-06 -1.17216384e-07 -1.04442978e-06 -1.07649987e-07
80               -2.16735373e-07 -6.98189533e-05 -2.34664690e-06 -1.61323023e-07 -6.90436076e-05 -2.22608095e-06 -5.54123505e-08 -7.75345742e-07 -1.20565953e-07
90               -2.30870179e-06 -7.56659121e-05 -1.96773653e-06 -2.21810058e-06 -7.52150070e-05 -1.89399102e-06 -9.06012168e-08 -4.50905178e-07 -7.37455124e-08
100              -2.38306556e-06 -8.13158551e-05 -2.36159983e-06 -2.28801180e-06 -8.02341429e-05 -2.31663078e-06 -9.50537644e-08 -1.08171215e-06 -4.49690471e-08
110              -3.02082920e-06 -6.58347837e-05 -3.40795459e-06 -2.91486787e-06 -6.52996032e-05 -3.36546803e-06 -1.05961325e-07 -5.35180514e-07 -4.24865543e-08
120              -2.81648531e-06 -9.30698831e-05 -3.06358550e-06 -2.70718732e-06 -9.20774780e-05 -2.97343789e-06 -1.09297991e-07 -9.92405096e-07 -9.01476135e-08
130              -1.70497219e-06 -6.80536716e-05 -2.99752526e-06 -1.59076322e-06 -6.72320902e-05 -2.90270688e-06 -1.14208971e-07 -8.21581439e-07 -9.48183745e-08
140              -1.55756220e-06 -8.15293113e-05 -2.67563526e-06 -1.45598049e-06 -8.08820125e-05 -2.61305553e-06 -1.01581715e-07 -6.47298807e-07 -6.25797317e-08
150              -2.40617934e-06 -8.33379017e-05 -2.36268749e-06 -2.29641647e-06 -8.23638786e-05 -2.29760143e-06 -1.09762867e-07 -9.74023135e-07 -6.50860676e-08
160              -2.05063863e-06 -7.42360630e-05 -1.50020623e-06 -1.94633392e-06 -7.34570663e-05 -1.44071434e-06 -1.04304704e-07 -7.78996656e-07 -5.94918914e-08
170              -2.39226022e-06 -8.21254674e-05 -2.35500980e-06 -2.28455714e-06 -8.12874543e-05 -2.28924040e-06 -1.07703084e-07 -8.38013030e-07 -6.57694011e-08
180              -2.63148479e-06 -7.86029546e-05 -2.47420749e-06 -2.51714973e-06 -7.77442631e-05 -2.40295376e-06 -1.14335064e-07 -8.58691509e-07 -7.12537281e-08
190              -2.06149593e-06 -7.99403958e-05 -1.79137019e-06 -1.95754812e-06 -7.91202320e-05 -1.74022721e-06 -1.03947808e-07 -8.20163795e-07 -5.11429797e-08
200              -1.84546486e-06 -8.08176733e-05 -2.48927464e-06 -1.73969314e-06 -7.99367792e-05 -2.41199769e-06 -1.05771722e-07 -8.80894046e-07 -7.72769512e-08
210              -2.04413446e-06 -7.85078991e-05 -2.60774237e-06 -1.94418732e-06 -7.76677233e-05 -2.52118591e-06 -9.99471380e-08 -8.40175813e-07 -8.65564598e-08
220              -2.16208022e-06 -8.04323116e-05 -2.13950479e-06 -2.06088308e-06 -7.95907666e-05 -2.06365718e-06 -1.01197137e-07 -8.41544983e-07 -7.58476078e-08
230              -1.81959988e-06 -8.01603676e-05 -2.32572925e-06 -1.71758033e-06 -7.92983073e-05 -2.24842524e-06 -1.02019555e-07 -8.62060259e-07 -7.73040125e-08
240              -1.73464363e-06 -7.95782122e-05 -2.58769138e-06 -1.63613849e-06 -7.87300344e-05 -2.49663076e-06 -9.85051424e-08 -8.48177756e-07 -9.10606237e-08
250              -1.86600619e-06 -8.01567497e-05 -2.15441858e-06 -1.76946671e-06 -7.93027102e-05 -2.06741444e-06 -9.65394798e-08 -8.54039558e-07 -8.70041442e-08
260              -1.82273254e-06 -7.98702518e-05 -2.20843978e-06 -1.72494379e-06 -7.90164027e-05 -2.13500921e-06 -9.77887490e-08 -8.53849087e-07 -7.34305629e-08
270              -1.91634908e-06 -8.00056362e-05 -2.50253848e-06 -1.81843050e-06 -7.91551510e-05 -2.42153425e-06 -9.79185761e-08 -8.50485203e-07 -8.10042328e-08
280              -2.03734710e-06 -8.01052385e-05 -2.22029054e-06 -1.93782499e-06 -7.92482289e-05 -2.13047183e-06 -9.95221151e-08 -8.57009555e-07 -8.98187078e-08
290              -1.82471621e-06 -7.98526470e-05 -2.19765948e-06 -1.72652190e-06 -7.89988388e-05 -2.10799037e-06 -9.81943145e-08 -8.53808184e-07 -8.96691098e-08
300              -1.86365072e-06 -8.00389686e-05 -2.46583634e-06 -1.76503955e-06 -7.91861602e-05 -2.37949176e-06 -9.86111679e-08 -8.52808361e-07 -8.63445752e-08
