# Force and moment coefficients
# dragDir       : (7.07106781e-01 0.00000000e+00 7.07106781e-01)
# sideDir       : (7.07106781e-01 0.00000000e+00 -7.07106781e-01)
# liftDir       : (0.00000000e+00 1.00000000e+00 0.00000000e+00)
# rollAxis      : (7.07106781e-01 0.00000000e+00 7.07106781e-01)
# pitchAxis     : (7.07106781e-01 0.00000000e+00 -7.07106781e-01)
# yawAxis       : (0.00000000e+00 1.00000000e+00 0.00000000e+00)
# magUInf       : 1.00000000e+00
# lRef          : 4.00040000e-02
# Aref          : 2.40048000e-04
# CofR          : (0.00000000e+00 0.00000000e+00 0.00000000e+00)
#
# Time          	Cd              	Cd(f)           	Cd(r)           	Cl              	Cl(f)           	Cl(r)           	CmPitch         	CmRoll          	CmYaw           	Cs              	Cs(f)           	Cs(r)           
10              	2.07645031e+01	1.04108117e+01	1.03536914e+01	-3.43542948e-01	-1.25375171e-01	-2.18167777e-01	4.63963033e-02	2.85601289e-02	-2.20340446e-01	-7.62403338e+00	-4.03235714e+00	-3.59167625e+00
20              	-4.29644619e+00	-2.11460949e+00	-2.18183670e+00	2.20774072e-02	5.74562374e-02	-3.53788302e-02	4.64175338e-02	3.36136054e-02	-2.68999764e-02	1.47077708e+00	7.08488562e-01	7.62288515e-01
30              	7.00961786e-01	3.59426301e-01	3.41535485e-01	-2.31375561e-02	-8.55077086e-03	-1.45867852e-02	3.01800717e-03	8.94540802e-03	-8.07719573e-03	-1.39026988e+00	-7.03212136e-01	-6.87057744e-01
40              	1.21198755e+00	6.01652043e-01	6.10335511e-01	6.51969049e-02	1.56235834e-02	4.95733216e-02	-1.69748691e-02	-4.34173420e-03	-1.42545243e-02	-1.38907673e+00	-7.08792887e-01	-6.80283839e-01
50              	1.17942760e+00	5.68762550e-01	6.10665047e-01	8.36810521e-02	1.59838168e-02	6.76972353e-02	-2.58567092e-02	-2.09512486e-02	-1.84420522e-02	-1.21240758e+00	-6.24645840e-01	-5.87761736e-01
60              	1.22992994e+00	6.17011298e-01	6.12918643e-01	4.47573428e-02	2.17392533e-02	2.30180896e-02	-6.39418139e-04	2.04632753e-03	-1.62478767e-02	-9.06186450e-01	-4.69341102e-01	-4.36845348e-01
70              	9.80274594e-01	4.85632469e-01	4.94642126e-01	3.47455644e-02	2.14722937e-02	1.32732708e-02	4.09951143e-03	-4.50482832e-03	-3.26740832e-03	7.75310047e-02	3.54980940e-02	4.20329107e-02
80              	1.00513193e+00	4.93052033e-01	5.12079900e-01	-2.12614132e-02	-5.98842380e-03	-1.52729894e-02	4.64228280e-03	-9.51393365e-03	-1.58345447e-03	-7.39000891e-02	-3.85334990e-02	-3.53665901e-02
90              	9.24148893e-01	4.58177328e-01	4.65971565e-01	-4.03642186e-02	-1.47848949e-02	-2.55793237e-02	5.39721444e-03	-3.89711879e-03	4.16222500e-03	-3.73482631e-01	-1.82579091e-01	-1.90903541e-01
100             	8.87420389e-01	4.47247307e-01	4.40173083e-01	-3.81229042e-02	-1.72242855e-02	-2.08986187e-02	1.83716661e-03	3.53711197e-03	-5.23492195e-03	-6.27412132e-01	-3.18940988e-01	-3.08471144e-01
110             	9.12319187e-01	4.62914725e-01	4.49404462e-01	-2.25559205e-02	-1.21673622e-02	-1.03885583e-02	-8.89401906e-04	6.75513160e-03	-1.76394919e-02	-6.56652252e-01	-3.45965618e-01	-3.10686634e-01
120             	8.72547089e-01	4.40429948e-01	4.32117141e-01	-3.45582943e-03	-3.53518779e-03	7.93583552e-05	-1.80727307e-03	4.15640350e-03	-9.49829293e-03	-4.30555112e-01	-2.24775849e-01	-2.05779263e-01
130             	8.56109334e-01	4.28461137e-01	4.27648197e-01	3.35125999e-02	1.46535479e-02	1.88590520e-02	-2.10275206e-03	4.06469814e-04	-6.65987125e-05	-2.78357270e-01	-1.39245234e-01	-1.39112036e-01
140             	8.56571989e-01	4.27229353e-01	4.29342636e-01	2.90747872e-02	1.34850182e-02	1.55897690e-02	-1.05237537e-03	-1.05664147e-03	-5.90320901e-03	-3.16571280e-01	-1.64188849e-01	-1.52382431e-01
150             	8.68721724e-01	4.31636628e-01	4.37085096e-01	1.45695221e-03	1.66517413e-03	-2.08221923e-04	9.36698028e-04	-2.72423409e-03	-1.07285323e-02	-3.95141252e-01	-2.08299158e-01	-1.86842094e-01
160             	8.73247496e-01	4.34139409e-01	4.39108087e-01	-8.31161301e-03	-4.59392572e-03	-3.71768729e-03	-4.38119218e-04	-2.48433897e-03	-1.18897924e-02	-4.18491110e-01	-2.21135347e-01	-1.97355763e-01
170             	8.64264605e-01	4.33847867e-01	4.30416738e-01	3.62776115e-04	2.73453168e-04	8.93229469e-05	9.20651104e-05	1.71556454e-03	-1.15996486e-02	-4.06899207e-01	-2.15049252e-01	-1.91849955e-01
180             	8.60816647e-01	4.32842233e-01	4.27974415e-01	5.74297695e-04	1.43102581e-03	-8.56728117e-04	1.14387696e-03	2.43390897e-03	-1.19570303e-02	-4.07045167e-01	-2.15479614e-01	-1.91565553e-01
190             	8.64212674e-01	4.32857611e-01	4.31355063e-01	-2.65905058e-03	7.35601534e-04	-3.39465211e-03	2.06512682e-03	7.51274044e-04	-1.13529885e-02	-4.18188418e-01	-2.20447197e-01	-1.97741220e-01
200             	8.66072626e-01	4.32069679e-01	4.34002947e-01	-9.39484350e-04	1.33467349e-03	-2.27415784e-03	1.80441566e-03	-9.66633799e-04	-9.43468150e-03	-4.17082272e-01	-2.17975817e-01	-1.99106454e-01
210             	8.64157407e-01	4.31690707e-01	4.32466700e-01	-7.76896922e-04	3.43240697e-04	-1.12013762e-03	7.31689158e-04	-3.87996277e-04	-8.93232959e-03	-4.08312120e-01	-2.13088389e-01	-1.95223730e-01
220             	8.66322333e-01	4.34000501e-01	4.32321832e-01	-2.00173583e-03	-5.70584704e-04	-1.43115112e-03	4.30283210e-04	8.39334678e-04	-9.90585350e-03	-4.06146050e-01	-2.12978878e-01	-1.93167171e-01
230             	8.72063134e-01	4.36154966e-01	4.35908168e-01	-3.13832088e-03	-9.55559362e-04	-2.18276152e-03	6.13601077e-04	1.23399288e-04	-9.79034365e-03	-4.13827498e-01	-2.16704093e-01	-1.97123405e-01
240             	8.73396478e-01	4.35515332e-01	4.37881147e-01	-3.12203567e-03	-1.47987849e-03	-1.64215719e-03	8.11393500e-05	-1.18290755e-03	-9.75676895e-03	-4.15465282e-01	-2.17489410e-01	-1.97975872e-01
250             	8.71337903e-01	4.34535639e-01	4.36802264e-01	-2.05130171e-03	-1.60176744e-03	-4.49534268e-04	-5.76116587e-04	-1.13331250e-03	-9.57546018e-03	-4.15224742e-01	-2.17187831e-01	-1.98036911e-01
260             	8.69180095e-01	4.33872443e-01	4.35307653e-01	-1.54969377e-03	-1.23739157e-03	-3.12302206e-04	-4.62544681e-04	-7.17604905e-04	-9.08495385e-03	-4.17139621e-01	-2.17654764e-01	-1.99484857e-01
270             	8.69955452e-01	4.33928421e-01	4.36027032e-01	-1.46906141e-03	-6.66399562e-04	-8.02661853e-04	6.81311455e-05	-1.04930559e-03	-8.77689785e-03	-4.19296503e-01	-2.18425149e-01	-2.00871354e-01
280             	8.74227892e-01	4.35420235e-01	4.38807657e-01	1.62357228e-03	8.22112952e-04	8.01459330e-04	1.03268111e-05	-1.69371098e-03	-8.47385791e-03	-4.22983522e-01	-2.19965619e-01	-2.03017903e-01
290             	8.78430905e-01	4.37475508e-01	4.40955397e-01	5.02180462e-03	2.05123828e-03	2.97056635e-03	-4.59664035e-04	-1.73994466e-03	-8.36323159e-03	-4.25843304e-01	-2.21284883e-01	-2.04558420e-01
300             	8.80720201e-01	4.38654967e-01	4.42065234e-01	4.54543190e-03	1.64909192e-03	2.89633998e-03	-6.23624029e-04	-1.70513306e-03	-8.42238790e-03	-4.26068905e-01	-2.21456840e-01	-2.04612064e-01
310             	8.81427692e-01	4.38801570e-01	4.42626122e-01	3.30333475e-03	1.02316792e-03	2.28016684e-03	-6.28499461e-04	-1.91227596e-03	-8.58814406e-03	-4.26059460e-01	-2.21617874e-01	-2.04441586e-01
320             	8.82055730e-01	4.39335222e-01	4.42720508e-01	2.38528380e-03	5.98796403e-04	1.78648739e-03	-5.93845496e-04	-1.69264269e-03	-8.60978754e-03	-4.25916201e-01	-2.21567888e-01	-2.04348313e-01
330             	8.83417600e-01	4.40770270e-01	4.42647331e-01	2.58783175e-04	-1.16501311e-04	3.75284486e-04	-2.45892898e-04	-9.38530373e-04	-8.81280218e-03	-4.27149297e-01	-2.22387451e-01	-2.04761847e-01
340             	8.85176516e-01	4.42168395e-01	4.43008121e-01	-2.62335082e-03	-8.55464214e-04	-1.76788661e-03	4.56211196e-04	-4.19863064e-04	-9.15708292e-03	-4.30209443e-01	-2.24261804e-01	-2.05947639e-01
350             	8.86606484e-01	4.42849696e-01	4.43756788e-01	-2.73702749e-03	-3.75939269e-04	-2.36108822e-03	9.92574475e-04	-4.53546346e-04	-9.34636817e-03	-4.32393498e-01	-2.25543117e-01	-2.06850381e-01
360             	8.87829123e-01	4.43400711e-01	4.44428412e-01	-1.34523749e-03	6.04866078e-04	-1.95010357e-03	1.27748482e-03	-5.13850386e-04	-9.42285727e-03	-4.34605796e-01	-2.26725755e-01	-2.07880041e-01
370             	8.89386803e-01	4.44338941e-01	4.45047862e-01	-6.21501800e-04	1.21197413e-03	-1.83347593e-03	1.52272503e-03	-3.54460078e-04	-9.40233814e-03	-4.36522345e-01	-2.27663510e-01	-2.08858834e-01
380             	8.91376457e-01	4.45658349e-01	4.45718107e-01	-2.44627982e-04	1.74572665e-03	-1.99035463e-03	1.86804064e-03	-2.98788213e-05	-9.48338713e-03	-4.38052373e-01	-2.28509573e-01	-2.09542799e-01
390             	8.94172453e-01	4.47421763e-01	4.46750690e-01	4.17341116e-04	2.42151100e-03	-2.00416988e-03	2.21284044e-03	3.35536620e-04	-9.78481201e-03	-4.39450436e-01	-2.29510030e-01	-2.09940406e-01
400             	8.97196276e-01	4.49295257e-01	4.47901018e-01	1.04538929e-03	3.03351535e-03	-1.98812607e-03	2.51082071e-03	6.97119458e-04	-1.01654367e-02	-4.39559512e-01	-2.29945193e-01	-2.09614319e-01
410             	8.99740985e-01	4.50738154e-01	4.49002831e-01	1.58162016e-03	3.53452485e-03	-1.95290469e-03	2.74371477e-03	8.67661457e-04	-1.05825116e-02	-4.39314031e-01	-2.30239527e-01	-2.09074504e-01
420             	9.01448952e-01	4.51308423e-01	4.50140529e-01	2.92668304e-03	4.02029417e-03	-1.09361113e-03	2.55695265e-03	5.83947042e-04	-1.09314824e-02	-4.38749351e-01	-2.30306158e-01	-2.08443193e-01
430             	9.02746491e-01	4.51534689e-01	4.51211802e-01	3.61858250e-03	3.78231817e-03	-1.63735674e-04	1.97302692e-03	1.61443316e-04	-1.13258838e-02	-4.39113708e-01	-2.30882738e-01	-2.08230970e-01
440             	9.03760513e-01	4.51773789e-01	4.51986723e-01	2.78887326e-03	2.79857125e-03	-9.69799124e-06	1.40413462e-03	-1.06467019e-04	-1.15497016e-02	-4.40703509e-01	-2.31901456e-01	-2.08802053e-01
450             	9.04553919e-01	4.51924259e-01	4.52629660e-01	1.77997740e-03	1.95932023e-03	-1.79342832e-04	1.06933153e-03	-3.52700232e-04	-1.13297727e-02	-4.43281762e-01	-2.32970654e-01	-2.10311108e-01
460             	9.05695073e-01	4.52156056e-01	4.53539017e-01	1.41945130e-03	1.56704967e-03	-1.47598373e-04	8.57324021e-04	-6.91480471e-04	-1.10097675e-02	-4.46521363e-01	-2.34270449e-01	-2.12250914e-01
470             	9.07325951e-01	4.52431893e-01	4.54894057e-01	2.27823257e-03	1.74898178e-03	5.29250792e-04	6.09865493e-04	-1.23108213e-03	-1.08133137e-02	-4.49301431e-01	-2.35464029e-01	-2.13837402e-01
480             	9.09266300e-01	4.52526305e-01	4.56739995e-01	3.69332721e-03	2.15998587e-03	1.53334134e-03	3.13322263e-04	-2.10684507e-03	-1.08274802e-02	-4.51149247e-01	-2.36402104e-01	-2.14747143e-01
490             	9.11549883e-01	4.52671255e-01	4.58878628e-01	4.48458277e-03	2.14324832e-03	2.34133445e-03	-9.90430657e-05	-3.10368608e-03	-1.08833183e-02	-4.52075140e-01	-2.36920888e-01	-2.15154252e-01
500             	9.14099140e-01	4.53178008e-01	4.60921131e-01	4.12328179e-03	1.44026091e-03	2.68302088e-03	-6.21379982e-04	-3.87156163e-03	-1.09537312e-02	-4.52809157e-01	-2.37358310e-01	-2.15450847e-01
