# Force         
# CofR          : (0.00000000e+00 0.00000000e+00 0.00000000e+00)
#
# Time          	total_x total_y total_z	pressure_x pressure_y pressure_z	viscous_x viscous_y viscous_z
10               -2.26837798e-01 2.67691477e-04 -3.66538613e-04 -2.40652590e-01 2.76311729e-04 -3.72879394e-04 1.38147913e-02 -8.62025217e-06 6.34078088e-06
20               4.46528070e-01 -7.92697356e-04 1.79942813e-04 4.41264441e-01 -8.21938302e-04 1.60364470e-04 5.26362894e-03 2.92409452e-05 1.95783422e-05
30               2.05480309e-01 3.37644438e-04 -7.21655630e-05 1.97503212e-01 3.09070029e-04 -6.25070974e-05 7.97709631e-03 2.85744085e-05 -9.65846558e-06
40               1.23579031e-01 1.80420295e-05 7.12781091e-04 1.16129469e-01 -6.32195205e-06 7.19000267e-04 7.44956260e-03 2.43639816e-05 -6.21917622e-06
50               1.13198916e-01 1.93703749e-04 6.83385329e-04 1.05136033e-01 1.84677609e-04 6.77130892e-04 8.06288322e-03 9.02613937e-06 6.25443748e-06
60               9.03446509e-02 3.15077050e-04 -1.28433253e-05 8.12592823e-02 3.06279293e-04 -1.51905686e-05 9.08536856e-03 8.79775656e-06 2.34724333e-06
70               7.40446436e-02 -7.68051104e-04 2.08877877e-04 6.45521073e-02 -7.63486185e-04 2.09898689e-04 9.49253636e-03 -4.56491946e-06 -1.02081169e-06
80               7.84402398e-02 6.03245740e-04 3.77364008e-04 6.93000284e-02 5.97738690e-04 3.73620946e-04 9.14021131e-03 5.50705019e-06 3.74306227e-06
90               8.43629114e-02 2.20187505e-04 -6.75828167e-05 7.56585897e-02 2.43750533e-04 -7.22057073e-05 8.70432170e-03 -2.35630284e-05 4.62289068e-06
100              8.35370641e-02 -1.10788148e-04 -6.23493977e-05 7.53699218e-02 -1.15535332e-04 -6.64808673e-05 8.16714232e-03 4.74718472e-06 4.13146964e-06
110              7.38850163e-02 6.91831322e-05 -4.10470815e-04 6.57754797e-02 6.58644606e-05 -4.13401110e-04 8.10953652e-03 3.31867167e-06 2.93029525e-06
120              7.01303732e-02 1.49999232e-04 -3.37366542e-04 6.20633308e-02 1.54608538e-04 -3.38240123e-04 8.06704240e-03 -4.60930609e-06 8.73581019e-07
130              7.00705774e-02 -3.03900105e-05 -3.41320918e-04 6.21946333e-02 -1.65656547e-05 -3.41967772e-04 7.87594409e-03 -1.38243558e-05 6.46854222e-07
140              6.90932363e-02 -9.47179546e-05 -1.57555828e-04 6.13988476e-02 -8.46067451e-05 -1.56852673e-04 7.69438865e-03 -1.01112095e-05 -7.03154892e-07
150              6.61440532e-02 -6.05742334e-05 3.13985725e-04 5.85919954e-02 -5.06389434e-05 3.10838659e-04 7.55205778e-03 -9.93529002e-06 3.14706678e-06
160              6.33620843e-02 3.78631209e-05 1.41379559e-04 5.59690942e-02 4.88316141e-05 1.38928159e-04 7.39299009e-03 -1.09684932e-05 2.45139993e-06
170              6.16425995e-02 3.40559646e-05 2.00738828e-04 5.44596464e-02 4.26500731e-05 1.98885846e-04 7.18295309e-03 -8.59410852e-06 1.85298149e-06
180              6.01287658e-02 3.81107028e-05 8.14222937e-05 5.31427030e-02 4.77808550e-05 8.26769853e-05 6.98606286e-03 -9.67015219e-06 -1.25469162e-06
190              5.82847139e-02 4.43718698e-05 1.75014906e-05 5.14596635e-02 5.44562877e-05 2.35263039e-05 6.82505039e-03 -1.00844179e-05 -6.02481332e-06
200              5.65409792e-02 7.37463428e-05 2.57903234e-04 4.98692244e-02 8.59965855e-05 2.64121919e-04 6.67175480e-03 -1.22502426e-05 -6.21868480e-06
210              5.52433770e-02 5.26385214e-05 5.93726495e-04 4.87283328e-02 6.53260980e-05 5.99818962e-04 6.51504428e-03 -1.26875767e-05 -6.09246659e-06
220              5.41652861e-02 2.83204650e-05 9.68918866e-04 4.77843676e-02 4.00626812e-05 9.72702486e-04 6.38091846e-03 -1.17422162e-05 -3.78362000e-06
230              5.31590059e-02 4.93496743e-08 1.16943445e-03 4.68783277e-02 9.96918528e-06 1.17097329e-03 6.28067817e-03 -9.91983560e-06 -1.53884362e-06
240              5.22602957e-02 9.68966195e-06 1.13917745e-03 4.60432017e-02 1.83905071e-05 1.14201606e-03 6.21709406e-03 -8.70084520e-06 -2.83860725e-06
250              5.15399847e-02 3.51974731e-05 9.69540734e-04 4.53460658e-02 4.31077538e-05 9.73484254e-04 6.19391885e-03 -7.91028070e-06 -3.94352047e-06
260              5.09467165e-02 5.40642276e-05 7.08297174e-04 4.47240322e-02 6.11281110e-05 7.14451375e-04 6.22268436e-03 -7.06388336e-06 -6.15420133e-06
270              5.03793030e-02 5.10328695e-05 4.32282007e-04 4.40800636e-02 5.69975346e-05 4.38003314e-04 6.29923942e-03 -5.96466508e-06 -5.72130717e-06
280              4.96848960e-02 3.66420532e-05 3.24772443e-05 4.32742967e-02 4.17985868e-05 3.66018827e-05 6.41059924e-03 -5.15653363e-06 -4.12463844e-06
290              4.88559991e-02 3.45840890e-05 -1.69112096e-04 4.23238948e-02 3.71208311e-05 -1.68278097e-04 6.53210429e-03 -2.53674205e-06 -8.33998568e-07
300              4.77674039e-02 3.05684926e-05 -1.92235570e-04 4.11247354e-02 3.47151149e-05 -1.99354189e-04 6.64266856e-03 -4.14662230e-06 7.11861866e-06
310              4.64736661e-02 6.77760178e-05 -3.28096082e-04 3.97600930e-02 7.24747676e-05 -3.45169879e-04 6.71357319e-03 -4.69874980e-06 1.70737967e-05
320              4.49127157e-02 7.32606867e-05 -5.31338828e-04 3.81813586e-02 8.06356935e-05 -5.56587835e-04 6.73135706e-03 -7.37500674e-06 2.52490074e-05
330              4.30745820e-02 9.57786634e-05 -7.25631419e-04 3.63920699e-02 1.00971339e-04 -7.53922856e-04 6.68251209e-03 -5.19267589e-06 2.82914372e-05
340              4.10488542e-02 1.07984632e-04 -8.56945362e-04 3.44913913e-02 1.09166807e-04 -8.85943344e-04 6.55746288e-03 -1.18217471e-06 2.89979817e-05
350              3.88802600e-02 7.69545637e-05 -1.04711585e-03 3.25244808e-02 7.50918264e-05 -1.07189711e-03 6.35577921e-03 1.86273725e-06 2.47812652e-05
360              3.68946369e-02 9.14393789e-05 -1.04154289e-03 3.07977730e-02 8.40032106e-05 -1.06184508e-03 6.09686389e-03 7.43616830e-06 2.03021871e-05
370              3.52567272e-02 2.78281622e-05 -9.40393809e-04 2.94345711e-02 2.15725122e-05 -9.55307652e-04 5.82215619e-03 6.25564997e-06 1.49138430e-05
380              3.40261691e-02 -4.59718611e-05 -8.25197637e-04 2.84551499e-02 -5.12012970e-05 -8.32507589e-04 5.57101917e-03 5.22943594e-06 7.30995253e-06
390              3.31628968e-02 -1.15964128e-04 -5.55723105e-04 2.77847998e-02 -1.19243263e-04 -5.58326836e-04 5.37809697e-03 3.27913469e-06 2.60373049e-06
400              3.27229935e-02 -9.93204898e-05 -3.85542527e-04 2.74665999e-02 -1.02551508e-04 -3.86005116e-04 5.25639363e-03 3.23101789e-06 4.62589051e-07
410              3.24931529e-02 -5.67648590e-05 -3.55222183e-04 2.73004410e-02 -6.15499699e-05 -3.54237266e-04 5.19271194e-03 4.78511087e-06 -9.84917215e-07
420              3.25579225e-02 -3.63213591e-05 -3.38428122e-04 2.73758359e-02 -3.90507360e-05 -3.38088711e-04 5.18208655e-03 2.72937698e-06 -3.39411471e-07
430              3.28421791e-02 -3.76996055e-06 -3.03905599e-04 2.76297300e-02 -4.41760119e-06 -3.06218002e-04 5.21244912e-03 6.47640642e-07 2.31240281e-06
440              3.30608144e-02 1.91883885e-05 -3.85045442e-04 2.78194473e-02 2.05694058e-05 -3.86472322e-04 5.24136714e-03 -1.38101739e-06 1.42687983e-06
450              3.33489611e-02 2.81887355e-05 -4.24806049e-04 2.80853170e-02 3.14603228e-05 -4.26025038e-04 5.26364406e-03 -3.27158730e-06 1.21898912e-06
460              3.36770673e-02 1.87012369e-05 -4.20156745e-04 2.83924366e-02 2.26086869e-05 -4.23124691e-04 5.28463068e-03 -3.90744997e-06 2.96794550e-06
470              3.38268275e-02 -1.26929030e-06 -4.27255743e-04 2.85250503e-02 1.38626343e-06 -4.33681952e-04 5.30177722e-03 -2.65555372e-06 6.42620886e-06
480              3.39038151e-02 -4.92048261e-06 -4.50831518e-04 2.85960287e-02 -5.54364988e-06 -4.59786674e-04 5.30778646e-03 6.23167272e-07 8.95515619e-06
490              3.38800417e-02 -5.85809358e-06 -5.21879807e-04 2.85784604e-02 -8.24353870e-06 -5.30849533e-04 5.30158139e-03 2.38544512e-06 8.96972604e-06
500              3.37287781e-02 -1.14185721e-06 -5.59679243e-04 2.84395659e-02 -4.35805478e-06 -5.68250096e-04 5.28921215e-03 3.21619756e-06 8.57085354e-06
510              3.35923910e-02 -2.83983922e-06 -5.46610208e-04 2.83120083e-02 -6.23779207e-06 -5.55696434e-04 5.28038276e-03 3.39795285e-06 9.08622591e-06
520              3.34169384e-02 -1.64430093e-07 -5.52017264e-04 2.81385840e-02 -3.02370296e-06 -5.62008321e-04 5.27835444e-03 2.85927287e-06 9.99105744e-06
530              3.32157661e-02 2.11009497e-06 -5.78402110e-04 2.79351584e-02 -4.97088143e-07 -5.88317417e-04 5.28060768e-03 2.60718312e-06 9.91530691e-06
540              3.30525461e-02 9.40331312e-06 -5.90862170e-04 2.77628002e-02 6.89509691e-06 -6.00027973e-04 5.28974586e-03 2.50821621e-06 9.16580356e-06
550              3.28681887e-02 1.41979308e-05 -6.04207813e-04 2.75676522e-02 1.07927392e-05 -6.11812302e-04 5.30053656e-03 3.40519162e-06 7.60448894e-06
560              3.26641989e-02 2.01995771e-05 -6.11860168e-04 2.73589489e-02 1.60556584e-05 -6.18353553e-04 5.30525000e-03 4.14391867e-06 6.49338472e-06
570              3.24254287e-02 2.40125266e-05 -5.74128172e-04 2.71238525e-02 1.89384374e-05 -5.80771949e-04 5.30157626e-03 5.07408912e-06 6.64377713e-06
580              3.21601531e-02 3.03918803e-05 -5.48126917e-04 2.68704031e-02 2.43948485e-05 -5.55092581e-04 5.28975006e-03 5.99703182e-06 6.96566449e-06
590              3.18910796e-02 3.04964950e-05 -5.21985031e-04 2.66223688e-02 2.33728938e-05 -5.29054413e-04 5.26871085e-03 7.12360122e-06 7.06938239e-06
600              3.16027953e-02 3.15370626e-05 -4.71903645e-04 2.63631361e-02 2.46007482e-05 -4.79134655e-04 5.23965919e-03 6.93631444e-06 7.23100995e-06
610              3.13223726e-02 2.96403098e-05 -4.41080183e-04 2.61167455e-02 2.31790764e-05 -4.47966114e-04 5.20562705e-03 6.46123337e-06 6.88593032e-06
620              3.10730365e-02 2.61162075e-05 -4.07844130e-04 2.59045232e-02 2.01929714e-05 -4.13958661e-04 5.16851332e-03 5.92323604e-06 6.11453035e-06
630              3.08473209e-02 1.87913788e-05 -3.73637165e-04 2.57162257e-02 1.31613778e-05 -3.79215194e-04 5.13109522e-03 5.63000094e-06 5.57802940e-06
640              3.06492923e-02 1.46965665e-05 -3.51370133e-04 2.55538508e-02 9.08353892e-06 -3.56161523e-04 5.09544149e-03 5.61302757e-06 4.79139006e-06
650              3.04800980e-02 1.20708289e-05 -3.13950041e-04 2.54180122e-02 7.37238413e-06 -3.17999936e-04 5.06208581e-03 4.69844480e-06 4.04989480e-06
660              3.03377133e-02 8.77881820e-06 -2.85341794e-04 2.53066614e-02 4.62994538e-06 -2.88888829e-04 5.03105186e-03 4.14887282e-06 3.54703475e-06
670              3.02196354e-02 9.19641255e-06 -2.62092447e-04 2.52172158e-02 5.62088384e-06 -2.65153962e-04 5.00241953e-03 3.57552871e-06 3.06151441e-06
680              3.01254564e-02 8.88070530e-06 -2.35181149e-04 2.51489748e-02 5.99189163e-06 -2.38100953e-04 4.97648154e-03 2.88881367e-06 2.91980387e-06
690              3.00470788e-02 8.00801659e-06 -2.15282633e-04 2.50939182e-02 5.48756456e-06 -2.18115221e-04 4.95316060e-03 2.52045202e-06 2.83258799e-06
700              2.99789002e-02 9.31748083e-06 -1.89260661e-04 2.50462637e-02 7.02429649e-06 -1.92199664e-04 4.93263646e-03 2.29318434e-06 2.93900341e-06
710              2.99193622e-02 8.32192664e-06 -1.61565533e-04 2.50046348e-02 6.26092926e-06 -1.64795717e-04 4.91472741e-03 2.06099738e-06 3.23018375e-06
720              2.98678760e-02 9.11172171e-06 -1.38005385e-04 2.49688234e-02 7.23331042e-06 -1.41521803e-04 4.89905258e-03 1.87841130e-06 3.51641808e-06
730              2.98231350e-02 1.00373837e-05 -1.11522685e-04 2.49378590e-02 8.56078741e-06 -1.15331173e-04 4.88527593e-03 1.47659628e-06 3.80848738e-06
740              2.97839602e-02 9.90230709e-06 -8.83499384e-05 2.49106125e-02 8.77723292e-06 -9.25450780e-05 4.87334771e-03 1.12507417e-06 4.19513962e-06
750              2.97480052e-02 1.14187693e-05 -6.74939770e-05 2.48847136e-02 1.04629294e-05 -7.20064558e-05 4.86329159e-03 9.55839928e-07 4.51247873e-06
760              2.97149004e-02 1.17538450e-05 -4.50570065e-05 2.48600020e-02 1.10316307e-05 -4.99453307e-05 4.85489839e-03 7.22214309e-07 4.88832414e-06
770              2.96849868e-02 1.22618332e-05 -2.83753075e-05 2.48369830e-02 1.18450618e-05 -3.36913768e-05 4.84800377e-03 4.16771391e-07 5.31606932e-06
780              2.96569562e-02 1.28796491e-05 -1.26937057e-05 2.48145535e-02 1.27295859e-05 -1.84223892e-05 4.84240273e-03 1.50063269e-07 5.72868346e-06
790              2.96297720e-02 1.28384827e-05 1.39977809e-06 2.47919537e-02 1.27842039e-05 -4.72429865e-06 4.83781828e-03 5.42787452e-08 6.12407674e-06
800              2.96032294e-02 1.45080206e-05 1.25208236e-05 2.47692796e-02 1.44913840e-05 6.04422806e-06 4.83394977e-03 1.66365712e-08 6.47659559e-06
810              2.95768722e-02 1.52412907e-05 2.31415373e-05 2.47459968e-02 1.52506296e-05 1.63080964e-05 4.83087538e-03 -9.33887827e-09 6.83344084e-06
820              2.95495268e-02 1.54404818e-05 3.19643984e-05 2.47212253e-02 1.56134248e-05 2.48126065e-05 4.82830147e-03 -1.72942982e-07 7.15179188e-06
830              2.95217142e-02 1.58592173e-05 4.06919388e-05 2.46956827e-02 1.62390535e-05 3.32225809e-05 4.82603144e-03 -3.79836224e-07 7.46935790e-06
840              2.94935689e-02 1.56569567e-05 4.95435811e-05 2.46696529e-02 1.61618926e-05 4.17232222e-05 4.82391600e-03 -5.04935837e-07 7.82035881e-06
850              2.94646385e-02 1.60689607e-05 5.73064891e-05 2.46427109e-02 1.66213162e-05 4.91396641e-05 4.82192756e-03 -5.52355441e-07 8.16682501e-06
860              2.94342568e-02 1.58493971e-05 6.43572109e-05 2.46142881e-02 1.64870030e-05 5.58618171e-05 4.81996870e-03 -6.37605916e-07 8.49539385e-06
870              2.94023355e-02 1.57100218e-05 7.06570827e-05 2.45843238e-02 1.63482519e-05 6.18252040e-05 4.81801167e-03 -6.38230178e-07 8.83187869e-06
880              2.93693757e-02 1.58070392e-05 7.60605331e-05 2.45534255e-02 1.64973035e-05 6.68789607e-05 4.81595011e-03 -6.90264232e-07 9.18157243e-06
890              2.93355742e-02 1.53297107e-05 8.10031592e-05 2.45218470e-02 1.60619712e-05 7.14743722e-05 4.81372720e-03 -7.32260506e-07 9.52878699e-06
900              2.93005077e-02 1.52861089e-05 8.55013751e-05 2.44892321e-02 1.60416422e-05 7.56233788e-05 4.81127565e-03 -7.55533298e-07 9.87799634e-06
910              2.92639799e-02 1.51479961e-05 8.98430271e-05 2.44553717e-02 1.59747167e-05 7.96174430e-05 4.80860828e-03 -8.26720575e-07 1.02255840e-05
920              2.92260527e-02 1.48678664e-05 9.40715886e-05 2.44203210e-02 1.57158418e-05 8.34935093e-05 4.80573171e-03 -8.47975402e-07 1.05780793e-05
930              2.91869202e-02 1.49214055e-05 9.80668113e-05 2.43842764e-02 1.57989999e-05 8.71357842e-05 4.80264374e-03 -8.77594356e-07 1.09310271e-05
940              2.91467509e-02 1.46211799e-05 1.01924190e-04 2.43474085e-02 1.55341141e-05 9.06404981e-05 4.79934232e-03 -9.12934249e-07 1.12836919e-05
950              2.91055848e-02 1.44910029e-05 1.05549801e-04 2.43097537e-02 1.54088847e-05 9.39130934e-05 4.79583114e-03 -9.17881858e-07 1.16367078e-05
960              2.90634408e-02 1.44075498e-05 1.08985098e-04 2.42713172e-02 1.53676240e-05 9.69977786e-05 4.79212356e-03 -9.60074199e-07 1.19873198e-05
970              2.90203625e-02 1.41234726e-05 1.12194692e-04 2.42321292e-02 1.51102476e-05 9.98590886e-05 4.78823328e-03 -9.86775001e-07 1.23356036e-05
980              2.89764168e-02 1.41057953e-05 1.15182357e-04 2.41922529e-02 1.51195133e-05 1.02496141e-04 4.78416386e-03 -1.01371804e-06 1.26862158e-05
990              2.89316939e-02 1.39288231e-05 1.18068181e-04 2.41517675e-02 1.49823094e-05 1.05027578e-04 4.77992638e-03 -1.05348630e-06 1.30406030e-05
1000             2.88863031e-02 1.38125205e-05 1.20881867e-04 2.41107462e-02 1.48773439e-05 1.07487168e-04 4.77555690e-03 -1.06482341e-06 1.33946984e-05
1010             2.88402926e-02 1.37422553e-05 1.23527086e-04 2.40692441e-02 1.48322633e-05 1.09776983e-04 4.77104849e-03 -1.09000798e-06 1.37501034e-05
1020             2.87936474e-02 1.34890490e-05 1.26008402e-04 2.40272450e-02 1.45945038e-05 1.11897581e-04 4.76640243e-03 -1.10545479e-06 1.41108207e-05
1030             2.87464530e-02 1.34376214e-05 1.28368940e-04 2.39848320e-02 1.45463481e-05 1.13893545e-04 4.76162101e-03 -1.10872666e-06 1.44753952e-05
1040             2.86987742e-02 1.32994053e-05 1.30849159e-04 2.39420623e-02 1.44237606e-05 1.16000169e-04 4.75671192e-03 -1.12435534e-06 1.48489896e-05
1050             2.86506730e-02 1.31141018e-05 1.33320409e-04 2.38989859e-02 1.42361662e-05 1.18090628e-04 4.75168711e-03 -1.12206439e-06 1.52297818e-05
1060             2.86021677e-02 1.30357899e-05 1.35837210e-04 2.38556119e-02 1.41655327e-05 1.20219433e-04 4.74655588e-03 -1.12974284e-06 1.56177769e-05
1070             2.85532890e-02 1.28325204e-05 1.38426706e-04 2.38119636e-02 1.39734121e-05 1.22411624e-04 4.74132544e-03 -1.14089165e-06 1.60150819e-05
1080             2.85040907e-02 1.27016532e-05 1.40950708e-04 2.37680862e-02 1.38481873e-05 1.24529626e-04 4.73600449e-03 -1.14653415e-06 1.64210826e-05
1090             2.84546118e-02 1.25443899e-05 1.43578670e-04 2.37240116e-02 1.37116979e-05 1.26742465e-04 4.73060016e-03 -1.16730801e-06 1.68362058e-05
1100             2.84048392e-02 1.23578201e-05 1.46295875e-04 2.36797153e-02 1.35275456e-05 1.29039453e-04 4.72512388e-03 -1.16972541e-06 1.72564227e-05
1110             2.83548524e-02 1.22766273e-05 1.48778567e-04 2.36352512e-02 1.34070473e-05 1.31103036e-04 4.71960123e-03 -1.13041999e-06 1.76755307e-05
1120             2.83047421e-02 1.21123733e-05 1.50947782e-04 2.35907151e-02 1.32098713e-05 1.32850013e-04 4.71402700e-03 -1.09749796e-06 1.80977688e-05
1130             2.82544326e-02 1.20060573e-05 1.53168659e-04 2.35460298e-02 1.30674542e-05 1.34645548e-04 4.70840276e-03 -1.06139684e-06 1.85231104e-05
1140             2.82040260e-02 1.18986919e-05 1.55703406e-04 2.35012928e-02 1.29626314e-05 1.36739529e-04 4.70273321e-03 -1.06393950e-06 1.89638773e-05
1150             2.81535497e-02 1.17763231e-05 1.58552531e-04 2.34565185e-02 1.28439623e-05 1.39132582e-04 4.69703111e-03 -1.06763918e-06 1.94199484e-05
1160             2.81029541e-02 1.17373881e-05 1.61534235e-04 2.34116484e-02 1.28018191e-05 1.41647472e-04 4.69130569e-03 -1.06443102e-06 1.98867621e-05
1170             2.80522102e-02 1.16809242e-05 1.64771629e-04 2.33666494e-02 1.27391469e-05 1.44407723e-04 4.68556083e-03 -1.05822271e-06 2.03639062e-05
1180             2.80014076e-02 1.16421366e-05 1.68127932e-04 2.33216147e-02 1.26826182e-05 1.47277870e-04 4.67979284e-03 -1.04048159e-06 2.08500618e-05
1190             2.79506466e-02 1.16410404e-05 1.71593519e-04 2.32766490e-02 1.26708680e-05 1.50250509e-04 4.67399760e-03 -1.02982763e-06 2.13430094e-05
1200             2.78999110e-02 1.16008541e-05 1.75151491e-04 2.32317320e-02 1.26280930e-05 1.53308606e-04 4.66817900e-03 -1.02723887e-06 2.18428854e-05
1210             2.78491634e-02 1.15812233e-05 1.78719827e-04 2.31868195e-02 1.26119934e-05 1.56371375e-04 4.66234398e-03 -1.03077010e-06 2.23484519e-05
1220             2.77984020e-02 1.15430891e-05 1.82402754e-04 2.31419058e-02 1.25838945e-05 1.59540218e-04 4.65649620e-03 -1.04080542e-06 2.28625360e-05
1230             2.77477094e-02 1.14789276e-05 1.86150178e-04 2.30970730e-02 1.25258216e-05 1.62764425e-04 4.65063636e-03 -1.04689408e-06 2.33857527e-05
1240             2.76971255e-02 1.14306844e-05 1.89947419e-04 2.30523604e-02 1.24860639e-05 1.66029234e-04 4.64476509e-03 -1.05537942e-06 2.39181850e-05
1250             2.76466438e-02 1.13496331e-05 1.93793684e-04 2.30077610e-02 1.24141110e-05 1.69334573e-04 4.63888276e-03 -1.06447796e-06 2.44591110e-05
1260             2.75962680e-02 1.12870360e-05 1.97610889e-04 2.29632749e-02 1.23586962e-05 1.72606044e-04 4.63299313e-03 -1.07166021e-06 2.50048447e-05
1270             2.75460173e-02 1.12338108e-05 2.01466819e-04 2.29189194e-02 1.23185506e-05 1.75908632e-04 4.62709797e-03 -1.08473980e-06 2.55581877e-05
1280             2.74959042e-02 1.11620911e-05 2.05343920e-04 2.28747032e-02 1.22593291e-05 1.79224907e-04 4.62120107e-03 -1.09723800e-06 2.61190129e-05
1290             2.74459444e-02 1.11113664e-05 2.09190567e-04 2.28306416e-02 1.22205966e-05 1.82503987e-04 4.61530278e-03 -1.10923026e-06 2.66865809e-05
1300             2.73961651e-02 1.10466639e-05 2.13083732e-04 2.27867628e-02 1.21674624e-05 1.85823117e-04 4.60940226e-03 -1.12079853e-06 2.72606141e-05
1310             2.73465649e-02 1.09868068e-05 2.17002919e-04 2.27430649e-02 1.21156360e-05 1.89159233e-04 4.60349998e-03 -1.12882917e-06 2.78436860e-05
1320             2.72971411e-02 1.09045233e-05 2.20902791e-04 2.26995413e-02 1.20429392e-05 1.92469257e-04 4.59759979e-03 -1.13841590e-06 2.84335340e-05
1330             2.72479224e-02 1.07902469e-05 2.24836492e-04 2.26562257e-02 1.19350867e-05 1.95805348e-04 4.59169678e-03 -1.14483973e-06 2.90311439e-05
1340             2.71989019e-02 1.06660109e-05 2.28786804e-04 2.26131120e-02 1.18166970e-05 1.99149835e-04 4.58578988e-03 -1.15068618e-06 2.96369693e-05
1350             2.71501275e-02 1.05019293e-05 2.32703094e-04 2.25702190e-02 1.16572747e-05 2.02454503e-04 4.57990846e-03 -1.15534544e-06 3.02485907e-05
1360             2.71016002e-02 1.03791359e-05 2.36568008e-04 2.25275654e-02 1.15443859e-05 2.05701818e-04 4.57403478e-03 -1.16525001e-06 3.08661903e-05
1370             2.70533018e-02 1.02923768e-05 2.40427136e-04 2.24851513e-02 1.14730497e-05 2.08932204e-04 4.56815046e-03 -1.18067294e-06 3.14949324e-05
1380             2.70053274e-02 1.01792753e-05 2.44459837e-04 2.24430273e-02 1.13732061e-05 2.12342027e-04 4.56230008e-03 -1.19393086e-06 3.21178103e-05
1390             2.69576092e-02 1.00511474e-05 2.48387447e-04 2.24011331e-02 1.12533145e-05 2.15647405e-04 4.55647612e-03 -1.20216709e-06 3.27400417e-05
1400             2.69100308e-02 9.93589036e-06 2.52137942e-04 2.23593601e-02 1.11438890e-05 2.18768870e-04 4.55067067e-03 -1.20799864e-06 3.33690718e-05
1410             2.68626975e-02 9.87761258e-06 2.55929944e-04 2.23178284e-02 1.10874552e-05 2.21929766e-04 4.54486911e-03 -1.20984263e-06 3.40001783e-05
1420             2.68156375e-02 9.80110399e-06 2.59917874e-04 2.22765689e-02 1.10115564e-05 2.25276850e-04 4.53906863e-03 -1.21045245e-06 3.46410233e-05
1430             2.67688659e-02 9.71219292e-06 2.63893386e-04 2.22355940e-02 1.09207194e-05 2.28604114e-04 4.53327191e-03 -1.20852644e-06 3.52892712e-05
1440             2.67223589e-02 9.63516109e-06 2.67975073e-04 2.21948812e-02 1.08428870e-05 2.32025094e-04 4.52747773e-03 -1.20772588e-06 3.59499790e-05
1450             2.66760887e-02 9.57154080e-06 2.72081032e-04 2.21544111e-02 1.07804591e-05 2.35462631e-04 4.52167758e-03 -1.20891831e-06 3.66184017e-05
1460             2.66300199e-02 9.55500515e-06 2.76172897e-04 2.21141212e-02 1.07672179e-05 2.38878508e-04 4.51589867e-03 -1.21221272e-06 3.72943890e-05
1470             2.65842942e-02 9.49454677e-06 2.80394415e-04 2.20741316e-02 1.07119916e-05 2.42422939e-04 4.51016264e-03 -1.21744484e-06 3.79714757e-05
1480             2.65388013e-02 9.37828032e-06 2.84210500e-04 2.20343607e-02 1.06011093e-05 2.45557126e-04 4.50444059e-03 -1.22282903e-06 3.86533740e-05
1490             2.64934691e-02 9.23655899e-06 2.87806481e-04 2.19947308e-02 1.04585778e-05 2.48467163e-04 4.49873837e-03 -1.22201876e-06 3.93393175e-05
1500             2.64484387e-02 9.10971561e-06 2.91320175e-04 2.19553583e-02 1.03286383e-05 2.51299130e-04 4.49308038e-03 -1.21892271e-06 4.00210447e-05
1510             2.64037275e-02 8.98145557e-06 2.94875075e-04 2.19163028e-02 1.01979177e-05 2.54167677e-04 4.48742468e-03 -1.21646214e-06 4.07073980e-05
1520             2.63593096e-02 8.86384008e-06 2.98472823e-04 2.18775645e-02 1.00833350e-05 2.57066040e-04 4.48174507e-03 -1.21949488e-06 4.14067835e-05
1530             2.63152753e-02 8.77271605e-06 3.02246056e-04 2.18391564e-02 1.00076800e-05 2.60132078e-04 4.47611889e-03 -1.23496397e-06 4.21139783e-05
1540             2.62715110e-02 8.63329855e-06 3.05595628e-04 2.18009795e-02 9.90754093e-06 2.62768794e-04 4.47053156e-03 -1.27424238e-06 4.28268345e-05
1550             2.62280571e-02 8.43496403e-06 3.08563753e-04 2.17630907e-02 9.75501437e-06 2.65017808e-04 4.46496649e-03 -1.32005034e-06 4.35459459e-05
1560             2.61848869e-02 8.23070449e-06 3.11631076e-04 2.17254832e-02 9.58974190e-06 2.67360699e-04 4.45940370e-03 -1.35903741e-06 4.42703774e-05
1570             2.61420719e-02 8.00121033e-06 3.14619853e-04 2.16882274e-02 9.36611335e-06 2.69613417e-04 4.45384448e-03 -1.36490302e-06 4.50064354e-05
1580             2.60993392e-02 8.02768854e-06 3.17919473e-04 2.16510260e-02 9.33569335e-06 2.72185359e-04 4.44831319e-03 -1.30800481e-06 4.57341139e-05
1590             2.60568326e-02 7.96286356e-06 3.21546477e-04 2.16140399e-02 9.26121035e-06 2.75068395e-04 4.44279264e-03 -1.29834679e-06 4.64780818e-05
1600             2.60145292e-02 7.88970463e-06 3.25140138e-04 2.15772780e-02 9.18774016e-06 2.77905491e-04 4.43725118e-03 -1.29803554e-06 4.72346473e-05
1610             2.59724864e-02 7.74567047e-06 3.28537781e-04 2.15407279e-02 9.04529859e-06 2.80547986e-04 4.43175849e-03 -1.29962811e-06 4.79897952e-05
1620             2.59308355e-02 7.62012212e-06 3.31798855e-04 2.15045667e-02 8.93730278e-06 2.83053420e-04 4.42626883e-03 -1.31718066e-06 4.87454352e-05
1630             2.58892209e-02 7.87413987e-06 3.35424292e-04 2.14683940e-02 9.14566419e-06 2.85932110e-04 4.42082686e-03 -1.27152431e-06 4.94921825e-05
1640             2.58482275e-02 7.73402247e-06 3.38980072e-04 2.14328247e-02 9.05895605e-06 2.88741349e-04 4.41540282e-03 -1.32493358e-06 5.02387226e-05
1650             2.58073216e-02 7.57079759e-06 3.42777055e-04 2.13973070e-02 8.92322482e-06 2.91807202e-04 4.41001467e-03 -1.35242722e-06 5.09698527e-05
1660             2.57666105e-02 7.30892308e-06 3.47066461e-04 2.13619830e-02 8.74387004e-06 2.95351103e-04 4.40462752e-03 -1.43494696e-06 5.17153574e-05
1670             2.57262461e-02 7.20311828e-06 3.51685645e-04 2.13270140e-02 8.65197518e-06 2.99222945e-04 4.39923206e-03 -1.44885690e-06 5.24626997e-05
1680             2.56862819e-02 7.05919075e-06 3.56759304e-04 2.12923872e-02 8.51171150e-06 3.03543475e-04 4.39389466e-03 -1.45252076e-06 5.32158291e-05
1690             2.56467313e-02 6.67479112e-06 3.61835980e-04 2.12581689e-02 8.14331470e-06 3.07856089e-04 4.38856233e-03 -1.46852358e-06 5.39798903e-05
1700             2.56073230e-02 6.43802373e-06 3.66662174e-04 2.12239983e-02 7.94433595e-06 3.11906248e-04 4.38332462e-03 -1.50631223e-06 5.47559261e-05
1710             2.55683887e-02 6.26688096e-06 3.71010038e-04 2.11902518e-02 7.81847625e-06 3.15488915e-04 4.37813682e-03 -1.55159528e-06 5.55211236e-05
1720             2.55299086e-02 6.05606995e-06 3.75464269e-04 2.11569584e-02 7.64695296e-06 3.19175179e-04 4.37295012e-03 -1.59088301e-06 5.62890903e-05
1730             2.54917039e-02 5.87150352e-06 3.80092007e-04 2.11238943e-02 7.48684507e-06 3.23027720e-04 4.36780952e-03 -1.61534155e-06 5.70642870e-05
1740             2.54536901e-02 5.47583920e-06 3.84535516e-04 2.10909518e-02 7.10869497e-06 3.26701774e-04 4.36273831e-03 -1.63285576e-06 5.78337418e-05
1750             2.54157349e-02 5.22095653e-06 3.88495598e-04 2.10580305e-02 6.86578525e-06 3.29877505e-04 4.35770438e-03 -1.64482872e-06 5.86180929e-05
1760             2.53780096e-02 5.00272879e-06 3.92184534e-04 2.10253517e-02 6.66477379e-06 3.32775338e-04 4.35265789e-03 -1.66204501e-06 5.94091959e-05
1770             2.53405842e-02 4.86330507e-06 3.95741408e-04 2.09929514e-02 6.54618434e-06 3.35539503e-04 4.34763281e-03 -1.68287926e-06 6.02019056e-05
1780             2.53034708e-02 4.72717122e-06 3.99108772e-04 2.09608423e-02 6.43160572e-06 3.38112650e-04 4.34262851e-03 -1.70443450e-06 6.09961211e-05
1790             2.52664809e-02 4.64240882e-06 4.02296997e-04 2.09288379e-02 6.36927953e-06 3.40501506e-04 4.33764302e-03 -1.72687072e-06 6.17954909e-05
1800             2.52296104e-02 4.57100818e-06 4.05350103e-04 2.08969350e-02 6.31383590e-06 3.42754124e-04 4.33267535e-03 -1.74282772e-06 6.25959793e-05
1810             2.51929899e-02 4.52402438e-06 4.08556902e-04 2.08652730e-02 6.27394796e-06 3.45155335e-04 4.32771697e-03 -1.74992358e-06 6.34015672e-05
1820             2.51566894e-02 4.51092863e-06 4.12003383e-04 2.08339322e-02 6.26246700e-06 3.47788011e-04 4.32275717e-03 -1.75153837e-06 6.42153721e-05
1830             2.51206054e-02 4.53752649e-06 4.15615265e-04 2.08028329e-02 6.28149585e-06 3.50575949e-04 4.31777250e-03 -1.74396937e-06 6.50393164e-05
1840             2.50845948e-02 4.55234331e-06 4.19167047e-04 2.07718785e-02 6.26744223e-06 3.53282741e-04 4.31271633e-03 -1.71509891e-06 6.58843057e-05
1850             2.50487560e-02 4.41475655e-06 4.22041242e-04 2.07410473e-02 6.09029530e-06 3.55304240e-04 4.30770871e-03 -1.67553875e-06 6.67370026e-05
1860             2.50133368e-02 4.34530410e-06 4.24190414e-04 2.07105000e-02 5.99041917e-06 3.56622283e-04 4.30283673e-03 -1.64511507e-06 6.75681316e-05
1870             2.49781271e-02 4.29165599e-06 4.26505171e-04 2.06801146e-02 5.92729875e-06 3.58122213e-04 4.29801255e-03 -1.63564276e-06 6.83829573e-05
1880             2.49431913e-02 4.29560333e-06 4.29052679e-04 2.06500286e-02 5.92581017e-06 3.59853937e-04 4.29316267e-03 -1.63020684e-06 6.91987416e-05
1890             2.49084489e-02 4.36516171e-06 4.31669921e-04 2.06201409e-02 6.00131276e-06 3.61646946e-04 4.28830805e-03 -1.63615105e-06 7.00229747e-05
1900             2.48740067e-02 4.38526193e-06 4.34352442e-04 2.05905486e-02 6.02920949e-06 3.63501798e-04 4.28345812e-03 -1.64394755e-06 7.08506435e-05
1910             2.48399658e-02 4.39728056e-06 4.37207871e-04 2.05613542e-02 6.05152191e-06 3.65523560e-04 4.27861159e-03 -1.65424135e-06 7.16843107e-05
1920             2.48062950e-02 4.48624355e-06 4.40093657e-04 2.05325273e-02 6.13730362e-06 3.67579414e-04 4.27376768e-03 -1.65106006e-06 7.25142435e-05
1930             2.47727830e-02 4.54518589e-06 4.43150652e-04 2.05038476e-02 6.22366504e-06 3.69805860e-04 4.26893544e-03 -1.67847916e-06 7.33447918e-05
1940             2.47394145e-02 4.42663499e-06 4.46158610e-04 2.04752889e-02 6.17593882e-06 3.71968998e-04 4.26412559e-03 -1.74930383e-06 7.41896118e-05
1950             2.47062752e-02 4.30509600e-06 4.48846218e-04 2.04469307e-02 6.10624637e-06 3.73811496e-04 4.25934452e-03 -1.80115038e-06 7.50347214e-05
1960             2.46734580e-02 4.18113102e-06 4.51487959e-04 2.04188838e-02 6.01166918e-06 3.75613251e-04 4.25457420e-03 -1.83053816e-06 7.58747080e-05
1970             2.46408016e-02 4.17808210e-06 4.53631917e-04 2.03909787e-02 5.99659242e-06 3.76907581e-04 4.24982287e-03 -1.81851032e-06 7.67243353e-05
1980             2.46084804e-02 4.12565463e-06 4.55346347e-04 2.03633955e-02 5.96878549e-06 3.77779485e-04 4.24508494e-03 -1.84313086e-06 7.75668622e-05
1990             2.45764073e-02 4.10094681e-06 4.57125901e-04 2.03360648e-02 5.97857252e-06 3.78717286e-04 4.24034251e-03 -1.87762571e-06 7.84086154e-05
2000             2.45445611e-02 4.07280431e-06 4.58862260e-04 2.03089381e-02 5.99100562e-06 3.79599517e-04 4.23562296e-03 -1.91820131e-06 7.92627435e-05
