# Moment        
# CofR          : (0.00000000e+00 0.00000000e+00 0.00000000e+00)
#
# Time          	total_x total_y total_z	pressure_x pressure_y pressure_z	viscous_x viscous_y viscous_z
10               2.06597205e-06 -2.92075440e-06 -2.72841124e-06 2.14492983e-06 -2.79850572e-06 -2.82064421e-06 -7.89577803e-08 -1.22248679e-07 9.22329681e-08
20               3.56577378e-06 -6.03781726e-06 -5.18101993e-06 3.26401635e-06 -5.99753727e-06 -4.12290686e-06 3.01757423e-07 -4.02799844e-08 -1.05811307e-06
30               9.42537715e-06 -8.91550279e-06 -9.70056618e-06 9.26364230e-06 -8.90287547e-06 -9.23313128e-06 1.61734847e-07 -1.26273257e-08 -4.67434900e-07
40               -6.32170773e-06 -5.91913194e-06 2.95240514e-06 -6.50111093e-06 -5.87002367e-06 2.92610137e-06 1.79403207e-07 -4.91082708e-08 2.63037679e-08
50               -2.30438808e-05 -1.06372751e-06 3.76567351e-06 -2.29153336e-05 -1.04203010e-06 3.92885358e-06 -1.28547151e-07 -2.16974187e-08 -1.63180068e-07
60               -1.06078744e-05 8.66090558e-07 4.50657334e-06 -1.05642968e-05 8.51763672e-07 4.48446966e-06 -4.35775540e-08 1.43268856e-08 2.21036746e-08
70               -1.86419080e-05 -1.02076233e-06 5.43016227e-07 -1.86185805e-05 -9.67088437e-07 7.39255663e-07 -2.33274196e-08 -5.36738918e-08 -1.96239436e-07
80               -1.66322247e-05 3.37600758e-06 1.97825395e-06 -1.65983670e-05 3.33147136e-06 2.52325480e-06 -3.38576913e-08 4.45362207e-08 -5.45000843e-07
90               -9.35824668e-06 8.05250243e-07 3.98254194e-06 -9.38621651e-06 8.59111302e-07 3.90035637e-06 2.79698315e-08 -5.38610595e-08 8.21855704e-08
100              -2.45638445e-05 6.13280198e-06 -2.27464944e-08 -2.43764855e-05 6.16443509e-06 -4.29866155e-08 -1.87359023e-07 -3.16331067e-08 2.02401211e-08
110              -4.32695483e-06 3.20537758e-06 -4.18018897e-06 -4.24324457e-06 3.21549751e-06 -3.78469693e-06 -8.37102559e-08 -1.01199217e-08 -3.95492034e-07
120              -6.64297909e-06 1.80201401e-06 -3.40551198e-06 -6.64730377e-06 1.83889651e-06 -3.01656091e-06 4.32468644e-09 -3.68825003e-08 -3.88951075e-07
130              -2.91432265e-06 1.69334086e-06 -1.62864954e-06 -2.93614992e-06 1.68962838e-06 -1.16592970e-06 2.18272716e-08 3.71247988e-09 -4.62719835e-07
140              -5.33513777e-07 -2.35641909e-07 -2.46571503e-06 -5.96172253e-07 -2.48312794e-07 -2.03398652e-06 6.26584756e-08 1.26708850e-08 -4.31728502e-07
150              -8.37575604e-06 8.84995267e-07 -2.21418671e-06 -8.36836590e-06 8.74994939e-07 -1.71070367e-06 -7.39014500e-09 1.00003286e-08 -5.03483038e-07
160              -1.25348274e-05 1.31776357e-06 -1.69768289e-06 -1.24754545e-05 1.30779126e-06 -1.29669040e-06 -5.93729004e-08 9.97231076e-09 -4.00992487e-07
170              -1.90612222e-05 1.00326726e-06 -1.35315692e-06 -1.90364458e-05 9.77095595e-07 -8.86587492e-07 -2.47764281e-08 2.61716639e-08 -4.66569425e-07
180              -2.21105864e-05 -1.19399246e-06 -1.35337058e-06 -2.21596798e-05 -1.21493798e-06 -9.30238240e-07 4.90933970e-08 2.09455186e-08 -4.23132342e-07
190              -2.43363218e-05 -3.38776908e-06 -1.11497549e-06 -2.46245330e-05 -3.38969756e-06 -7.62936668e-07 2.88211220e-07 1.92848085e-09 -3.52038819e-07
200              -3.12202400e-05 -2.95811054e-06 -1.10801876e-06 -3.16422649e-05 -2.97454719e-06 -8.38344189e-07 4.22024920e-07 1.64366468e-08 -2.69674574e-07
210              -3.98193568e-05 -6.47156600e-07 -9.43619914e-07 -4.04249991e-05 -6.79378990e-07 -7.58492686e-07 6.05642238e-07 3.22223900e-08 -1.85127228e-07
220              -5.25634035e-05 1.38587819e-06 -8.46992730e-07 -5.33637250e-05 1.32081640e-06 -7.87103366e-07 8.00321491e-07 6.50617901e-08 -5.98893645e-08
230              -6.59622160e-05 1.41305571e-06 -4.74773160e-07 -6.70647234e-05 1.33551765e-06 -5.62970837e-07 1.10250747e-06 7.75380677e-08 8.81976766e-08
240              -7.82545270e-05 -4.04218242e-07 -4.29146946e-08 -7.98048656e-05 -4.63272451e-07 -3.47019675e-07 1.55033861e-06 5.90542087e-08 3.04104980e-07
250              -8.85044454e-05 -1.66021643e-06 4.65318406e-07 -9.06044342e-05 -1.68443169e-06 -1.05836209e-07 2.09998877e-06 2.42152626e-08 5.71154615e-07
260              -9.77572521e-05 -1.61086254e-06 8.35447565e-07 -1.00454064e-04 -1.60701334e-06 -2.25782226e-08 2.69681205e-06 -3.84920374e-09 8.58025787e-07
270              -1.05344395e-04 -6.38413848e-07 1.14798030e-06 -1.08648464e-04 -6.13975994e-07 7.52408164e-08 3.30406822e-06 -2.44378541e-08 1.07273949e-06
280              -1.10799612e-04 3.48078532e-07 1.70490342e-06 -1.14662395e-04 3.73334229e-07 6.06462550e-07 3.86278303e-06 -2.52556962e-08 1.09844087e-06
290              -1.13273600e-04 4.20601189e-07 1.62095701e-06 -1.17607739e-04 4.39842300e-07 6.50201866e-07 4.33413896e-06 -1.92411111e-08 9.70755144e-07
300              -1.13563198e-04 -3.63605968e-07 1.00181419e-06 -1.18288982e-04 -3.38037047e-07 3.11055602e-07 4.72578452e-06 -2.55689217e-08 6.90758586e-07
310              -1.13261985e-04 2.11676262e-07 4.96709269e-07 -1.18203007e-04 2.25485442e-07 1.81435611e-07 4.94102194e-06 -1.38091801e-08 3.15273658e-07
320              -1.09792972e-04 1.42760158e-06 1.06538653e-07 -1.14737539e-04 1.42145611e-06 1.97726465e-07 4.94456655e-06 6.14547006e-09 -9.11878120e-08
330              -1.02122723e-04 2.43301119e-06 1.45782214e-07 -1.06873313e-04 2.42918540e-06 5.50241410e-07 4.75058982e-06 3.82578970e-09 -4.04459197e-07
340              -8.81287124e-05 1.93902870e-06 -2.03163154e-07 -9.25496958e-05 1.94845048e-06 5.69133916e-07 4.42098346e-06 -9.42178459e-09 -7.72297070e-07
350              -6.67064576e-05 3.41608803e-06 6.77827267e-08 -7.07807390e-05 3.40242576e-06 1.20433754e-06 4.07428143e-06 1.36622700e-08 -1.13655481e-06
360              -4.15383897e-05 5.39648851e-06 -4.29379728e-07 -4.54164997e-05 5.31762877e-06 9.27743331e-07 3.87810991e-06 7.88597423e-08 -1.35712306e-06
370              -1.89182154e-05 4.11680239e-06 -3.83700254e-07 -2.26892085e-05 4.00335996e-06 1.02018762e-06 3.77099307e-06 1.13442425e-07 -1.40388787e-06
380              -4.22367366e-06 1.22021727e-06 -2.18012159e-07 -7.74548693e-06 1.12214606e-06 1.16169687e-06 3.52181326e-06 9.80712134e-08 -1.37970903e-06
390              3.14232390e-06 -1.10372265e-06 -3.22628651e-07 5.05666761e-08 -1.15882840e-06 9.92635122e-07 3.09175723e-06 5.51057475e-08 -1.31526377e-06
400              1.02177167e-05 -3.74871723e-06 -3.86370016e-07 7.43357547e-06 -3.77612804e-06 8.72783633e-07 2.78414127e-06 2.74108147e-08 -1.25915365e-06
410              1.03182233e-05 -4.09031112e-06 -5.81520408e-07 7.76977000e-06 -4.08420995e-06 6.60208553e-07 2.54845334e-06 -6.10117786e-09 -1.24172896e-06
420              7.77250271e-06 -2.64381677e-06 -1.56712400e-07 5.47533690e-06 -2.64661222e-06 1.07389302e-06 2.29716580e-06 2.79544959e-09 -1.23060542e-06
430              5.87010930e-06 -1.44618090e-06 1.03018101e-07 3.76825216e-06 -1.47167769e-06 1.32453099e-06 2.10185714e-06 2.54967861e-08 -1.22151289e-06
440              4.72250458e-06 -4.88990367e-08 -1.11606018e-07 2.64997117e-06 -8.62423245e-08 1.08586152e-06 2.07253342e-06 3.73432878e-08 -1.19746754e-06
450              1.39393299e-06 4.44995568e-07 -1.19233748e-07 -7.22781945e-07 4.24684701e-07 1.01054203e-06 2.11671494e-06 2.03108669e-08 -1.12977578e-06
460              -3.92526875e-06 1.74455417e-06 8.95208872e-09 -6.15114544e-06 1.72987645e-06 1.09100471e-06 2.22587669e-06 1.46777208e-08 -1.08205262e-06
470              -1.06509812e-05 3.35349569e-06 1.60311043e-07 -1.30563027e-05 3.31278244e-06 1.18577216e-06 2.40532145e-06 4.07132495e-08 -1.02546112e-06
480              -1.97898460e-05 3.93183875e-06 2.05975802e-07 -2.24065510e-05 3.87675718e-06 1.18821253e-06 2.61670501e-06 5.50815725e-08 -9.82236729e-07
490              -3.04006911e-05 4.49431959e-06 3.47126838e-07 -3.32244196e-05 4.43250805e-06 1.29421607e-06 2.82372849e-06 6.18115441e-08 -9.47089229e-07
500              -3.98838704e-05 3.96837285e-06 4.17389732e-07 -4.29037469e-05 3.90681880e-06 1.35322782e-06 3.01987643e-06 6.15540559e-08 -9.35838086e-07
510              -4.71060280e-05 3.06585583e-06 3.68091742e-07 -5.03172353e-05 3.01498102e-06 1.29941812e-06 3.21120725e-06 5.08748062e-08 -9.31326378e-07
520              -5.08583284e-05 2.35968095e-06 2.50708567e-07 -5.43030571e-05 2.30557930e-06 1.18952344e-06 3.44472868e-06 5.41016520e-08 -9.38814871e-07
530              -5.23443913e-05 1.36454662e-06 1.71632783e-07 -5.59978932e-05 1.30613678e-06 1.12504473e-06 3.65350188e-06 5.84098417e-08 -9.53411945e-07
540              -5.26992963e-05 6.84231623e-07 3.13799439e-08 -5.65107683e-05 6.29729419e-07 9.87252149e-07 3.81147195e-06 5.45022048e-08 -9.55872205e-07
550              -5.25879889e-05 4.87218227e-08 -1.61928975e-08 -5.65235766e-05 1.09369480e-08 9.24599094e-07 3.93558765e-06 3.77848746e-08 -9.40791991e-07
560              -5.25387772e-05 -1.63173380e-07 -7.18826522e-08 -5.65559841e-05 -1.88803470e-07 8.46626712e-07 4.01720685e-06 2.56300905e-08 -9.18509365e-07
570              -5.16185964e-05 8.25539043e-08 -3.08193976e-08 -5.56981148e-05 5.97258315e-08 8.73420884e-07 4.07951840e-06 2.28280728e-08 -9.04240282e-07
580              -5.02068979e-05 4.70975246e-07 1.70784430e-08 -5.43085164e-05 4.47818972e-07 9.01536947e-07 4.10161858e-06 2.31562738e-08 -8.84458504e-07
590              -4.87750777e-05 1.15057492e-06 4.27157235e-09 -5.28494481e-05 1.11836842e-06 8.70049307e-07 4.07437040e-06 3.22065036e-08 -8.65777734e-07
600              -4.69924309e-05 1.41723889e-06 -8.52497487e-10 -5.10049668e-05 1.38268106e-06 8.28811097e-07 4.01253588e-06 3.45578273e-08 -8.29663594e-07
610              -4.47578097e-05 1.91918559e-06 4.69619901e-09 -4.86933506e-05 1.88016638e-06 7.88472260e-07 3.93554090e-06 3.90192148e-08 -7.83776061e-07
620              -4.22471522e-05 2.09375157e-06 2.06861233e-08 -4.61016913e-05 2.05399357e-06 7.59652403e-07 3.85453910e-06 3.97580017e-08 -7.38966280e-07
630              -3.95878300e-05 2.03451296e-06 3.00075174e-08 -4.33675348e-05 1.99453776e-06 7.17887916e-07 3.77970480e-06 3.99751908e-08 -6.87880399e-07
640              -3.71030931e-05 2.05622622e-06 3.63002156e-09 -4.08136540e-05 2.01517342e-06 6.46240354e-07 3.71056087e-06 4.10527956e-08 -6.42610332e-07
650              -3.49977327e-05 1.72711841e-06 5.10918713e-09 -3.86445234e-05 1.68993666e-06 5.99570469e-07 3.64679070e-06 3.71817495e-08 -5.94461282e-07
660              -3.34112818e-05 1.60599108e-06 6.37842327e-09 -3.70003229e-05 1.57201213e-06 5.53119869e-07 3.58904114e-06 3.39789434e-08 -5.46741445e-07
670              -3.24402578e-05 1.50275663e-06 -8.19179692e-09 -3.59768618e-05 1.47101897e-06 5.01353064e-07 3.53660399e-06 3.17376553e-08 -5.09544861e-07
680              -3.20334118e-05 1.22057044e-06 -4.61767497e-09 -3.55268431e-05 1.19474604e-06 4.68508964e-07 3.49343135e-06 2.58243979e-08 -4.73126639e-07
690              -3.21500347e-05 1.24111412e-06 -1.65980144e-08 -3.56100943e-05 1.21724086e-06 4.24916650e-07 3.46005963e-06 2.38732542e-08 -4.41514664e-07
700              -3.27168711e-05 1.11272565e-06 -2.22094162e-08 -3.61555643e-05 1.09138973e-06 3.95150356e-07 3.43869312e-06 2.13359257e-08 -4.17359772e-07
710              -3.35749790e-05 1.06792434e-06 -2.38672262e-08 -3.70036149e-05 1.04802436e-06 3.71500326e-07 3.42863587e-06 1.98999816e-08 -3.95367552e-07
720              -3.45610280e-05 1.11126671e-06 -2.61745175e-08 -3.79909486e-05 1.09121482e-06 3.48927696e-07 3.42992064e-06 2.00518970e-08 -3.75102213e-07
730              -3.55713102e-05 9.85574796e-07 -2.29990879e-08 -3.90116347e-05 9.67833413e-07 3.36904459e-07 3.44032450e-06 1.77413823e-08 -3.59903547e-07
740              -3.65012112e-05 1.02196235e-06 -2.23728938e-08 -3.99588914e-05 1.00443599e-06 3.25780150e-07 3.45768015e-06 1.75263548e-08 -3.48153044e-07
750              -3.72906828e-05 9.74089653e-07 -1.97947783e-08 -4.07715364e-05 9.57131258e-07 3.19599498e-07 3.48085360e-06 1.69583942e-08 -3.39394276e-07
760              -3.79501345e-05 9.17419160e-07 -1.92549453e-08 -4.14572975e-05 9.01839489e-07 3.11848552e-07 3.50716294e-06 1.55796715e-08 -3.31103497e-07
770              -3.84799517e-05 9.73920941e-07 -2.59881256e-08 -4.20147177e-05 9.59048437e-07 3.01624728e-07 3.53476596e-06 1.48725043e-08 -3.27612853e-07
780              -3.88792121e-05 9.50170843e-07 -2.47038698e-08 -4.24416595e-05 9.37310745e-07 2.98724115e-07 3.56244741e-06 1.28600976e-08 -3.23427985e-07
790              -3.91793640e-05 1.03315828e-06 -2.25311565e-08 -4.27680253e-05 1.02062701e-06 2.96881950e-07 3.58866131e-06 1.25312752e-08 -3.19413106e-07
800              -3.93919779e-05 1.09752300e-06 -2.45184637e-08 -4.30044819e-05 1.08484412e-06 2.92367098e-07 3.61250400e-06 1.26788825e-08 -3.16885562e-07
810              -3.95496978e-05 1.10698433e-06 -2.81937880e-08 -4.31830597e-05 1.09515455e-06 2.89084820e-07 3.63336191e-06 1.18297839e-08 -3.17278608e-07
820              -3.96706831e-05 1.18891948e-06 -3.57839778e-08 -4.33222364e-05 1.17764010e-06 2.82214482e-07 3.65155325e-06 1.12793741e-08 -3.17998460e-07
830              -3.97612413e-05 1.21749735e-06 -4.33014715e-08 -4.34274905e-05 1.20760607e-06 2.78178826e-07 3.66624916e-06 9.89127402e-09 -3.21480298e-07
840              -3.98252436e-05 1.28224539e-06 -5.50663417e-08 -4.35030053e-05 1.27320364e-06 2.72390563e-07 3.67776174e-06 9.04174788e-09 -3.27456905e-07
850              -3.98694344e-05 1.34973147e-06 -7.20209005e-08 -4.35555525e-05 1.34100536e-06 2.63873436e-07 3.68611809e-06 8.72610143e-09 -3.35894336e-07
860              -3.98969146e-05 1.37948947e-06 -8.75950262e-08 -4.35886591e-05 1.37160935e-06 2.57935852e-07 3.69174457e-06 7.88012160e-09 -3.45530878e-07
870              -3.99013198e-05 1.45386788e-06 -1.08993538e-07 -4.35964351e-05 1.44618130e-06 2.47877030e-07 3.69511526e-06 7.68658494e-09 -3.56870568e-07
880              -3.98821823e-05 1.49516096e-06 -1.30769371e-07 -4.35789974e-05 1.48782052e-06 2.38654985e-07 3.69681508e-06 7.34044370e-09 -3.69424356e-07
890              -3.98466385e-05 1.53856352e-06 -1.52623147e-07 -4.35439030e-05 1.53146474e-06 2.30102022e-07 3.69726452e-06 7.09878619e-09 -3.82725169e-07
900              -3.97988437e-05 1.59782740e-06 -1.77296336e-07 -4.34954523e-05 1.59075416e-06 2.20199936e-07 3.69660870e-06 7.07323771e-09 -3.97496272e-07
910              -3.97416207e-05 1.63018179e-06 -2.00999006e-07 -4.34367944e-05 1.62352271e-06 2.12228557e-07 3.69517373e-06 6.65907759e-09 -4.13227562e-07
920              -3.96776635e-05 1.69144259e-06 -2.25773966e-07 -4.33707490e-05 1.68478060e-06 2.04266204e-07 3.69308556e-06 6.66198740e-09 -4.30040170e-07
930              -3.96066694e-05 1.73701704e-06 -2.51537514e-07 -4.32971478e-05 1.73045757e-06 1.96267419e-07 3.69047843e-06 6.55947892e-09 -4.47804933e-07
940              -3.95297224e-05 1.77496116e-06 -2.76717241e-07 -4.32171735e-05 1.76856024e-06 1.89591402e-07 3.68745105e-06 6.40091861e-09 -4.66308643e-07
950              -3.94485686e-05 1.82823347e-06 -3.03491725e-07 -4.31326323e-05 1.82172690e-06 1.82058779e-07 3.68406373e-06 6.50656396e-09 -4.85550504e-07
960              -3.93653289e-05 1.85699486e-06 -3.29144809e-07 -4.30457089e-05 1.85065896e-06 1.76073680e-07 3.68037997e-06 6.33590731e-09 -5.05218489e-07
970              -3.92804249e-05 1.89767793e-06 -3.54591267e-07 -4.29568498e-05 1.89135978e-06 1.70678709e-07 3.67642494e-06 6.31815541e-09 -5.25269975e-07
980              -3.91931212e-05 1.93434568e-06 -3.80013535e-07 -4.28653894e-05 1.92805215e-06 1.65707320e-07 3.67226820e-06 6.29352943e-09 -5.45720856e-07
990              -3.91045437e-05 1.95996257e-06 -4.03963041e-07 -4.27725265e-05 1.95382564e-06 1.62449915e-07 3.66798289e-06 6.13693876e-09 -5.66412956e-07
1000             -3.90160928e-05 1.99846298e-06 -4.28278696e-07 -4.26797320e-05 1.99224594e-06 1.58974227e-07 3.66363918e-06 6.21703816e-09 -5.87252923e-07
1010             -3.89275493e-05 2.02314451e-06 -4.51681685e-07 -4.25867983e-05 2.01700274e-06 1.56454656e-07 3.65924903e-06 6.14176489e-09 -6.08136341e-07
1020             -3.88396594e-05 2.05418278e-06 -4.74288369e-07 -4.24944916e-05 2.04801080e-06 1.54781217e-07 3.65483220e-06 6.17198174e-09 -6.29069586e-07
1030             -3.87533231e-05 2.08791506e-06 -4.97276648e-07 -4.24036936e-05 2.08161717e-06 1.52976750e-07 3.65037044e-06 6.29788930e-09 -6.50253398e-07
1040             -3.86686087e-05 2.11173580e-06 -5.19311466e-07 -4.23145144e-05 2.10540268e-06 1.52220935e-07 3.64590566e-06 6.33311694e-09 -6.71532401e-07
1050             -3.85857365e-05 2.14662016e-06 -5.41632398e-07 -4.22271759e-05 2.14007860e-06 1.51279880e-07 3.64143943e-06 6.54156477e-09 -6.92912278e-07
1060             -3.85041511e-05 2.17426523e-06 -5.63684306e-07 -4.21411348e-05 2.16757559e-06 1.50727803e-07 3.63698372e-06 6.68964752e-09 -7.14412109e-07
1070             -3.84234086e-05 2.20160382e-06 -5.85388515e-07 -4.20559619e-05 2.19478626e-06 1.50593298e-07 3.63255331e-06 6.81756275e-09 -7.35981813e-07
1080             -3.83431792e-05 2.23407653e-06 -6.07435877e-07 -4.19713126e-05 2.22704412e-06 1.50235675e-07 3.62813338e-06 7.03241359e-09 -7.57671552e-07
1090             -3.82634440e-05 2.25734983e-06 -6.29004029e-07 -4.18871806e-05 2.25023128e-06 1.50433479e-07 3.62373656e-06 7.11854542e-09 -7.79437508e-07
1100             -3.81836648e-05 2.28704998e-06 -6.51268236e-07 -4.18029743e-05 2.27978099e-06 1.50246791e-07 3.61930958e-06 7.26898761e-09 -8.01515027e-07
1110             -3.81046814e-05 2.31166773e-06 -6.74054085e-07 -4.17194810e-05 2.30439974e-06 1.50114717e-07 3.61479962e-06 7.26798610e-09 -8.24168802e-07
1120             -3.80276395e-05 2.33019970e-06 -6.96264861e-07 -4.16379489e-05 2.32304966e-06 1.50560371e-07 3.61030948e-06 7.15004481e-09 -8.46825233e-07
1130             -3.79510537e-05 2.35487432e-06 -7.19265060e-07 -4.15568658e-05 2.34781819e-06 1.50409250e-07 3.60581207e-06 7.05613436e-09 -8.69674310e-07
1140             -3.78734059e-05 2.37596232e-06 -7.41561697e-07 -4.14748421e-05 2.36901486e-06 1.50785100e-07 3.60143621e-06 6.94746094e-09 -8.92346797e-07
1150             -3.77948821e-05 2.40419351e-06 -7.63821713e-07 -4.13919841e-05 2.39728659e-06 1.51380524e-07 3.59710203e-06 6.90691742e-09 -9.15202237e-07
1160             -3.77158295e-05 2.43593732e-06 -7.86286506e-07 -4.13085877e-05 2.42901957e-06 1.52079706e-07 3.59275825e-06 6.91774619e-09 -9.38366213e-07
1170             -3.76358215e-05 2.46612753e-06 -8.09133841e-07 -4.12242320e-05 2.45921901e-06 1.52679169e-07 3.58841050e-06 6.90851866e-09 -9.61813010e-07
1180             -3.75544994e-05 2.50115685e-06 -8.32804699e-07 -4.11385634e-05 2.49417602e-06 1.52762772e-07 3.58406392e-06 6.98083282e-09 -9.85567471e-07
1190             -3.74720381e-05 2.53211346e-06 -8.56969313e-07 -4.10517783e-05 2.52511527e-06 1.52668250e-07 3.57974026e-06 6.99819791e-09 -1.00963756e-06
1200             -3.73892850e-05 2.56259023e-06 -8.81306987e-07 -4.09647100e-05 2.55557793e-06 1.52666817e-07 3.57542501e-06 7.01229551e-09 -1.03397380e-06
1210             -3.73062349e-05 2.59309572e-06 -9.05943480e-07 -4.08773543e-05 2.58607048e-06 1.52616999e-07 3.57111943e-06 7.02523765e-09 -1.05856048e-06
1220             -3.72229474e-05 2.61948679e-06 -9.30703876e-07 -4.07897843e-05 2.61250297e-06 1.52711686e-07 3.56683688e-06 6.98381591e-09 -1.08341556e-06
1230             -3.71396442e-05 2.64849982e-06 -9.55671441e-07 -4.07022236e-05 2.64151542e-06 1.52984124e-07 3.56257938e-06 6.98439512e-09 -1.10865557e-06
1240             -3.70564230e-05 2.67616090e-06 -9.80861831e-07 -4.06147662e-05 2.66918471e-06 1.53442898e-07 3.55834318e-06 6.97618993e-09 -1.13430473e-06
1250             -3.69731207e-05 2.70318351e-06 -1.00634589e-06 -4.05272471e-05 2.69622140e-06 1.53991551e-07 3.55412638e-06 6.96210641e-09 -1.16033744e-06
1260             -3.68899129e-05 2.73173680e-06 -1.03214649e-06 -4.04398513e-05 2.72474829e-06 1.54576705e-07 3.54993837e-06 6.98850442e-09 -1.18672319e-06
1270             -3.68070513e-05 2.75807304e-06 -1.05823704e-06 -4.03528201e-05 2.75108563e-06 1.55250520e-07 3.54576880e-06 6.98740137e-09 -1.21348756e-06
1280             -3.67248003e-05 2.78646162e-06 -1.08471796e-06 -4.02664255e-05 2.77945026e-06 1.55938714e-07 3.54162518e-06 7.01135234e-09 -1.24065668e-06
1290             -3.66430369e-05 2.81459600e-06 -1.11147273e-06 -4.01805381e-05 2.80756621e-06 1.56753684e-07 3.53750120e-06 7.02979108e-09 -1.26822642e-06
1300             -3.65616683e-05 2.84245419e-06 -1.13850204e-06 -4.00950500e-05 2.83542200e-06 1.57712864e-07 3.53338164e-06 7.03219275e-09 -1.29621490e-06
1310             -3.64803436e-05 2.87203711e-06 -1.16613419e-06 -4.00095946e-05 2.86495779e-06 1.58538209e-07 3.52925095e-06 7.07931292e-09 -1.32467240e-06
1320             -3.63989369e-05 2.90042756e-06 -1.19424448e-06 -3.99240696e-05 2.89330726e-06 1.59367599e-07 3.52513270e-06 7.12029475e-09 -1.35361207e-06
1330             -3.63177964e-05 2.92969541e-06 -1.22308148e-06 -3.98388182e-05 2.92249932e-06 1.59974271e-07 3.52102177e-06 7.19609517e-09 -1.38305575e-06
1340             -3.62378001e-05 2.95897269e-06 -1.25248086e-06 -3.97546926e-05 2.95166054e-06 1.60546866e-07 3.51689247e-06 7.31214720e-09 -1.41302773e-06
1350             -3.61581072e-05 2.98628113e-06 -1.28217624e-06 -3.96709075e-05 2.97890388e-06 1.61056118e-07 3.51280027e-06 7.37725399e-09 -1.44323236e-06
1360             -3.60784721e-05 3.01433569e-06 -1.31224589e-06 -3.95872361e-05 3.00694925e-06 1.61584548e-07 3.50876404e-06 7.38644270e-09 -1.47383044e-06
1370             -3.60009045e-05 3.04138462e-06 -1.34325878e-06 -3.95056152e-05 3.03408515e-06 1.61789912e-07 3.50471070e-06 7.29947159e-09 -1.50504870e-06
1380             -3.59256883e-05 3.06621759e-06 -1.37501193e-06 -3.94263714e-05 3.05898959e-06 1.61651260e-07 3.50068307e-06 7.22799807e-09 -1.53666319e-06
1390             -3.58514817e-05 3.09281944e-06 -1.40746528e-06 -3.93481084e-05 3.08560481e-06 1.61221482e-07 3.49662671e-06 7.21462895e-09 -1.56868677e-06
1400             -3.57783308e-05 3.12225688e-06 -1.44036209e-06 -3.92709004e-05 3.11508632e-06 1.60848697e-07 3.49256961e-06 7.17056062e-09 -1.60121079e-06
1410             -3.57059197e-05 3.15238306e-06 -1.47403759e-06 -3.91944517e-05 3.14525174e-06 1.60299527e-07 3.48853196e-06 7.13132621e-09 -1.63433712e-06
1420             -3.56343129e-05 3.18252553e-06 -1.50781261e-06 -3.91188258e-05 3.17538061e-06 1.60137605e-07 3.48451290e-06 7.14491221e-09 -1.66795021e-06
1430             -3.55634906e-05 3.21494966e-06 -1.54197286e-06 -3.90440544e-05 3.20772367e-06 1.60010660e-07 3.48056376e-06 7.22599434e-09 -1.70198352e-06
1440             -3.54930639e-05 3.24630569e-06 -1.57654573e-06 -3.89698491e-05 3.23899686e-06 1.59869902e-07 3.47678524e-06 7.30883243e-09 -1.73641564e-06
1450             -3.54233807e-05 3.27769355e-06 -1.61145197e-06 -3.88963917e-05 3.27033707e-06 1.59840206e-07 3.47301106e-06 7.35648117e-09 -1.77129218e-06
1460             -3.53540218e-05 3.30946745e-06 -1.64677527e-06 -3.88232480e-05 3.30208290e-06 1.59794321e-07 3.46922618e-06 7.38454762e-09 -1.80656959e-06
1470             -3.52843765e-05 3.33715689e-06 -1.68289797e-06 -3.87498675e-05 3.32972729e-06 1.59163652e-07 3.46549094e-06 7.42960055e-09 -1.84206162e-06
1480             -3.52124786e-05 3.36728061e-06 -1.71917849e-06 -3.86742443e-05 3.35977661e-06 1.58640547e-07 3.46176570e-06 7.50399568e-09 -1.87781904e-06
1490             -3.51399806e-05 3.39748074e-06 -1.75577334e-06 -3.85980049e-05 3.38985540e-06 1.58196057e-07 3.45802434e-06 7.62534802e-09 -1.91396940e-06
1500             -3.50655259e-05 3.42392646e-06 -1.79218054e-06 -3.85198982e-05 3.41630300e-06 1.57895513e-07 3.45437230e-06 7.62346009e-09 -1.95007606e-06
1510             -3.49917976e-05 3.45142965e-06 -1.82919544e-06 -3.84425053e-05 3.44379130e-06 1.57548675e-07 3.45070775e-06 7.63835042e-09 -1.98674411e-06
1520             -3.49199303e-05 3.47972846e-06 -1.86662347e-06 -3.83669077e-05 3.47213727e-06 1.57527224e-07 3.44697740e-06 7.59118245e-09 -2.02415069e-06
1530             -3.48501383e-05 3.50641802e-06 -1.90435296e-06 -3.82933995e-05 3.49896076e-06 1.57381979e-07 3.44326118e-06 7.45726697e-09 -2.06173494e-06
1540             -3.47808378e-05 3.53789420e-06 -1.94297621e-06 -3.82203292e-05 3.53057597e-06 1.56554358e-07 3.43949144e-06 7.31822941e-09 -2.09953057e-06
1550             -3.47109276e-05 3.57166756e-06 -1.98127282e-06 -3.81465579e-05 3.56451617e-06 1.56345082e-07 3.43563030e-06 7.15138308e-09 -2.13761790e-06
1560             -3.46412724e-05 3.60713135e-06 -2.02072169e-06 -3.80730276e-05 3.60013648e-06 1.55493389e-07 3.43175517e-06 6.99487700e-09 -2.17621508e-06
1570             -3.45697758e-05 3.64565322e-06 -2.06089197e-06 -3.79975596e-05 3.63877181e-06 1.54517930e-07 3.42778378e-06 6.88141690e-09 -2.21540990e-06
1580             -3.45023082e-05 3.68130771e-06 -2.10180658e-06 -3.79261991e-05 3.67439039e-06 1.52674700e-07 3.42389092e-06 6.91731448e-09 -2.25448128e-06
1590             -3.44353444e-05 3.71571745e-06 -2.14251275e-06 -3.78552979e-05 3.70871960e-06 1.51718698e-07 3.41995354e-06 6.99784717e-09 -2.29423144e-06
1600             -3.43678079e-05 3.74984201e-06 -2.18316863e-06 -3.77837739e-05 3.74272637e-06 1.51618905e-07 3.41596605e-06 7.11563736e-09 -2.33478754e-06
1610             -3.42990422e-05 3.78177034e-06 -2.22323840e-06 -3.77110782e-05 3.77469023e-06 1.51913945e-07 3.41203600e-06 7.08010932e-09 -2.37515234e-06
1620             -3.42275342e-05 3.81258529e-06 -2.26291037e-06 -3.76356759e-05 3.80568919e-06 1.52971575e-07 3.40814173e-06 6.89610167e-09 -2.41588195e-06
1630             -3.41630191e-05 3.83737861e-06 -2.30392732e-06 -3.75673342e-05 3.83055264e-06 1.52611717e-07 3.40431516e-06 6.82597685e-09 -2.45653903e-06
1640             -3.40994831e-05 3.85788066e-06 -2.34498468e-06 -3.75001290e-05 3.85120151e-06 1.52532942e-07 3.40064587e-06 6.67915208e-09 -2.49751762e-06
1650             -3.40398260e-05 3.88040637e-06 -2.38419947e-06 -3.74369597e-05 3.87396233e-06 1.53440614e-07 3.39713369e-06 6.44404720e-09 -2.53764009e-06
1660             -3.39863839e-05 3.90473051e-06 -2.42413985e-06 -3.73799857e-05 3.89852408e-06 1.54563724e-07 3.39360181e-06 6.20642913e-09 -2.57870358e-06
1670             -3.39352612e-05 3.92848743e-06 -2.46613617e-06 -3.73253630e-05 3.92260790e-06 1.54393501e-07 3.39010179e-06 5.87952977e-09 -2.62052967e-06
1680             -3.38899294e-05 3.94833043e-06 -2.50873842e-06 -3.72765605e-05 3.94244366e-06 1.53407507e-07 3.38663112e-06 5.88676931e-09 -2.66214593e-06
1690             -3.38460437e-05 3.96318654e-06 -2.55183304e-06 -3.72291796e-05 3.95735193e-06 1.52239113e-07 3.38313590e-06 5.83461188e-09 -2.70407215e-06
1700             -3.37983802e-05 3.98162349e-06 -2.59414678e-06 -3.71779828e-05 3.97603079e-06 1.51236199e-07 3.37960265e-06 5.59269672e-09 -2.74538298e-06
1710             -3.37460760e-05 4.00767431e-06 -2.63549177e-06 -3.71222861e-05 4.00211425e-06 1.51168137e-07 3.37621007e-06 5.56006687e-09 -2.78665990e-06
1720             -3.36928171e-05 4.02838931e-06 -2.67714422e-06 -3.70656476e-05 4.02294818e-06 1.50752815e-07 3.37283058e-06 5.44112299e-09 -2.82789703e-06
1730             -3.36400588e-05 4.04598806e-06 -2.71980778e-06 -3.70094887e-05 4.04074218e-06 1.49397934e-07 3.36942982e-06 5.24587448e-09 -2.86920571e-06
1740             -3.35866770e-05 4.06819768e-06 -2.76226224e-06 -3.69528072e-05 4.06305660e-06 1.48414861e-07 3.36613020e-06 5.14108488e-09 -2.91067710e-06
1750             -3.35302059e-05 4.09410996e-06 -2.80549404e-06 -3.68928932e-05 4.08913725e-06 1.47042115e-07 3.36268735e-06 4.97270804e-09 -2.95253616e-06
1760             -3.34722540e-05 4.12442980e-06 -2.84965573e-06 -3.68314413e-05 4.11958597e-06 1.45377062e-07 3.35918738e-06 4.84382297e-09 -2.99503279e-06
1770             -3.34131991e-05 4.15606974e-06 -2.89337727e-06 -3.67689055e-05 4.15137878e-06 1.44396486e-07 3.35570641e-06 4.69095597e-09 -3.03777375e-06
1780             -3.33551833e-05 4.18944725e-06 -2.93738778e-06 -3.67074053e-05 4.18491526e-06 1.43413276e-07 3.35222198e-06 4.53198976e-09 -3.08080106e-06
1790             -3.32984443e-05 4.22618540e-06 -2.98222716e-06 -3.66471125e-05 4.22181424e-06 1.42085101e-07 3.34866822e-06 4.37115824e-09 -3.12431226e-06
1800             -3.32417575e-05 4.26608084e-06 -3.02781269e-06 -3.65868782e-05 4.26183574e-06 1.40511721e-07 3.34512066e-06 4.24510029e-09 -3.16832441e-06
1810             -3.31860834e-05 4.30766365e-06 -3.07389945e-06 -3.65276264e-05 4.30351117e-06 1.38951680e-07 3.34154296e-06 4.15248334e-09 -3.21285113e-06
1820             -3.31329289e-05 4.35190945e-06 -3.12010999e-06 -3.64708713e-05 4.34781269e-06 1.37749151e-07 3.33794233e-06 4.09676294e-09 -3.25785914e-06
1830             -3.30827093e-05 4.39837474e-06 -3.16719573e-06 -3.64169784e-05 4.39420832e-06 1.36425120e-07 3.33426906e-06 4.16642446e-09 -3.30362085e-06
1840             -3.30337232e-05 4.44536893e-06 -3.21565833e-06 -3.63641932e-05 4.44083255e-06 1.35100347e-07 3.33046994e-06 4.53637814e-09 -3.35075868e-06
1850             -3.29804665e-05 4.48745091e-06 -3.26372264e-06 -3.63070794e-05 4.48249346e-06 1.33819165e-07 3.32661289e-06 4.95745098e-09 -3.39754181e-06
1860             -3.29204060e-05 4.52267364e-06 -3.30992670e-06 -3.62433278e-05 4.51752941e-06 1.33269947e-07 3.32292186e-06 5.14422443e-09 -3.44319665e-06
1870             -3.28611041e-05 4.55745978e-06 -3.35599561e-06 -3.61804201e-05 4.55229459e-06 1.32640630e-07 3.31931596e-06 5.16519637e-09 -3.48863624e-06
1880             -3.28030657e-05 4.59801195e-06 -3.40339248e-06 -3.61187999e-05 4.59291540e-06 1.31247861e-07 3.31573416e-06 5.09654328e-09 -3.53464034e-06
1890             -3.27478462e-05 4.64337851e-06 -3.45075760e-06 -3.60598858e-05 4.63839841e-06 1.30423053e-07 3.31203960e-06 4.98010813e-09 -3.58118065e-06
1900             -3.26947844e-05 4.69056563e-06 -3.49785228e-06 -3.60030926e-05 4.68565284e-06 1.30136932e-07 3.30830822e-06 4.91279103e-09 -3.62798921e-06
1910             -3.26451630e-05 4.73783597e-06 -3.54557378e-06 -3.59497275e-05 4.73293264e-06 1.29355405e-07 3.30456454e-06 4.90333240e-09 -3.67492918e-06
1920             -3.25964694e-05 4.78298894e-06 -3.59368272e-06 -3.58972538e-05 4.77797924e-06 1.27950929e-07 3.30078439e-06 5.00969885e-09 -3.72163365e-06
1930             -3.25482373e-05 4.82801043e-06 -3.64172025e-06 -3.58451861e-05 4.82288435e-06 1.26649734e-07 3.29694878e-06 5.12607842e-09 -3.76836999e-06
1940             -3.25037204e-05 4.87464223e-06 -3.68921093e-06 -3.57968976e-05 4.86956829e-06 1.26700979e-07 3.29317717e-06 5.07393503e-09 -3.81591191e-06
1950             -3.24634765e-05 4.92640584e-06 -3.73711719e-06 -3.57529265e-05 4.92147694e-06 1.26514750e-07 3.28944998e-06 4.92889842e-09 -3.86363194e-06
1960             -3.24245736e-05 4.98052113e-06 -3.78576780e-06 -3.57102605e-05 4.97567163e-06 1.25455881e-07 3.28568697e-06 4.84949595e-09 -3.91122368e-06
1970             -3.23882428e-05 5.02847316e-06 -3.83657317e-06 -3.56702449e-05 5.02353494e-06 1.23009901e-07 3.28200211e-06 4.93822139e-09 -3.95958307e-06
1980             -3.23534593e-05 5.07242476e-06 -3.88700721e-06 -3.56317110e-05 5.06745504e-06 1.20820980e-07 3.27825176e-06 4.96971298e-09 -4.00782819e-06
1990             -3.23179726e-05 5.11337517e-06 -3.93737685e-06 -3.55924210e-05 5.10847663e-06 1.19198151e-07 3.27444839e-06 4.89854301e-09 -4.05657500e-06
2000             -3.22808759e-05 5.15793395e-06 -3.98755227e-06 -3.55513274e-05 5.15316623e-06 1.17823806e-07 3.27045149e-06 4.76772109e-09 -4.10537607e-06
