# Force and moment coefficients
# dragDir       : (9.84815757e-01 0.00000000e+00 1.73602778e-01)
# sideDir       : (0.00000000e+00 1.00000000e+00 -0.00000000e+00)
# liftDir       : (-1.73602778e-01 0.00000000e+00 9.84815757e-01)
# rollAxis      : (9.84815757e-01 0.00000000e+00 1.73602778e-01)
# pitchAxis     : (0.00000000e+00 1.00000000e+00 -0.00000000e+00)
# yawAxis       : (-1.73602778e-01 0.00000000e+00 9.84815757e-01)
# magUInf       : 1.00000000e+00
# lRef          : 4.00040000e-02
# Aref          : 3.21484300e-04
# CofR          : (0.00000000e+00 0.00000000e+00 0.00000000e+00)
#
# Time          	Cd              	Cd(f)           	Cd(r)           	Cl              	Cl(f)           	Cl(r)           	CmPitch         	CmRoll          	CmYaw           	Cs              	Cs(f)           	Cs(r)           
10              	4.61194808e+00	2.29861120e+00	2.31333689e+00	9.66021595e-01	2.69669445e-01	6.96352150e-01	-2.13341353e-01	-7.36284569e-03	-2.03982107e-02	3.84288987e-02	-1.18376132e-03	3.96126600e-02
20              	-2.14150079e+00	-1.06883984e+00	-1.07266096e+00	2.25964671e-01	8.76115007e-02	1.38353171e-01	-2.53708350e-02	1.91056111e-03	-2.96541877e-03	-1.15966147e-02	-8.76372615e-03	-2.83288860e-03
30              	5.40235256e-01	2.68363627e-01	2.71871629e-01	6.32689147e-01	3.46242506e-01	2.86446640e-01	2.98979330e-02	-1.75400132e-03	4.64153395e-04	1.07572516e-03	1.00201597e-03	7.37091835e-05
40              	7.56644468e-01	3.81028284e-01	3.75616184e-01	7.70808110e-01	4.09959773e-01	3.60848337e-01	2.45557181e-02	2.70605013e-03	4.39014169e-04	3.83240366e-03	2.35521600e-03	1.47718766e-03
50              	5.81770303e-01	2.91386057e-01	2.90384246e-01	7.93097782e-01	4.19080104e-01	3.74017678e-01	2.25312133e-02	5.00905389e-04	1.09607969e-03	1.25850356e-02	7.38859749e-03	5.19643810e-03
60              	4.94231117e-01	2.45383376e-01	2.48847741e-01	6.91115091e-01	3.66829991e-01	3.24285100e-01	2.12724453e-02	-1.73218266e-03	-1.18295006e-03	1.01592391e-02	3.89666949e-03	6.26256961e-03
70              	5.12153064e-01	2.50877214e-01	2.61275850e-01	7.03371149e-01	3.64856066e-01	3.38515084e-01	1.31704910e-02	-5.19931817e-03	-4.28084320e-03	1.10012173e-03	-3.73078234e-03	4.83090407e-03
80              	4.82109793e-01	2.32474105e-01	2.49635687e-01	4.44837845e-01	2.19441538e-01	2.25396307e-01	-2.97738478e-03	-8.58079119e-03	-2.11853353e-03	3.48193722e-03	-3.77564914e-04	3.85950214e-03
90              	4.70032103e-01	2.29727384e-01	2.40304719e-01	-5.86093345e-02	-3.11944227e-02	-2.74149118e-02	-1.88975546e-03	-5.28866770e-03	-2.02691842e-03	1.21990364e-03	-1.41696660e-03	2.63687024e-03
100             	4.49279661e-01	2.19326841e-01	2.29952820e-01	-3.83259768e-01	-1.83814867e-01	-1.99444901e-01	7.81501674e-03	-5.31298975e-03	-2.08105154e-03	1.42214262e-03	-1.36998022e-03	2.79212285e-03
110             	3.99298136e-01	1.93712233e-01	2.05585903e-01	-4.21379486e-01	-1.94560750e-01	-2.26818736e-01	1.61289927e-02	-5.93683530e-03	-7.87705519e-04	4.85536430e-03	1.63997663e-03	3.21538767e-03
120             	3.77977300e-01	1.82287449e-01	1.95689852e-01	-2.66772927e-01	-1.17543297e-01	-1.49229630e-01	1.58431664e-02	-6.70120159e-03	4.85834490e-04	8.66250606e-03	4.81708752e-03	3.84541854e-03
130             	3.85739795e-01	1.83977796e-01	2.01761999e-01	-2.25893590e-02	-6.63441563e-03	-1.59549433e-02	4.66026384e-03	-8.89210130e-03	2.16053093e-03	1.21015988e-03	2.76561087e-03	-1.55545099e-03
140             	3.85558157e-01	1.83864845e-01	2.01693311e-01	2.07882028e-01	9.61856604e-02	1.11696368e-01	-7.75535366e-03	-8.91423298e-03	4.41776374e-03	-6.81662186e-03	1.00945281e-03	-7.82607467e-03
150             	3.73521170e-01	1.79408056e-01	1.94113114e-01	3.29852068e-01	1.46481211e-01	1.83370857e-01	-1.84448229e-02	-7.35252897e-03	3.81777938e-03	-7.64450390e-03	-4.47256770e-06	-7.64003133e-03
160             	3.65659497e-01	1.80087291e-01	1.85572206e-01	2.81523293e-01	1.18511685e-01	1.63011608e-01	-2.22499617e-02	-2.74245737e-03	1.61764102e-03	-9.53947803e-03	-3.15209799e-03	-6.38738004e-03
170             	3.48710385e-01	1.77521449e-01	1.71188936e-01	1.62248623e-01	6.33181526e-02	9.89304705e-02	-1.78061590e-02	3.16625646e-03	-9.06999582e-04	-1.32250334e-02	-7.51951629e-03	-5.70551713e-03
180             	3.35624829e-01	1.70681314e-01	1.64943516e-01	6.29636871e-02	2.31005784e-02	3.98631086e-02	-8.38126512e-03	2.86889899e-03	-1.47416247e-03	-1.76185886e-02	-1.02834568e-02	-7.33513184e-03
190             	3.32765684e-01	1.63994770e-01	1.68770915e-01	3.61872996e-02	1.51507902e-02	2.10365094e-02	-2.94285958e-03	-2.38807232e-03	-7.66684601e-04	-1.56066726e-02	-8.57002091e-03	-7.03665171e-03
200             	3.29180383e-01	1.53195876e-01	1.75984507e-01	8.15697558e-02	4.23037802e-02	3.92659756e-02	1.51890231e-03	-1.13943155e-02	1.30922852e-03	-8.98304760e-03	-3.18229528e-03	-5.80075232e-03
210             	3.35119020e-01	1.55937127e-01	1.79181893e-01	1.61512967e-01	9.02659864e-02	7.12469807e-02	9.50950288e-03	-1.16223829e-02	1.82503455e-03	4.79677165e-03	4.22342037e-03	5.73351280e-04
220             	3.45712026e-01	1.66647574e-01	1.79064452e-01	2.07231799e-01	1.19861272e-01	8.73705267e-02	1.62453728e-02	-6.20843938e-03	7.03843156e-04	1.14300733e-02	6.41887983e-03	5.01119351e-03
230             	3.47679133e-01	1.74830872e-01	1.72848262e-01	2.02681176e-01	1.19535618e-01	8.31455581e-02	1.81950300e-02	9.91305067e-04	-2.50646254e-04	6.22111356e-03	2.85991053e-03	3.36120303e-03
240             	3.44762690e-01	1.77766083e-01	1.66996607e-01	1.37869525e-01	8.62780227e-02	5.15915024e-02	1.73432601e-02	5.38473810e-03	-6.06630284e-04	-5.93776292e-04	-9.03518430e-04	3.09742138e-04
250             	3.39426681e-01	1.75243170e-01	1.64183512e-01	5.00158415e-02	3.97064919e-02	1.03093497e-02	1.46985711e-02	5.52982888e-03	-1.06048141e-03	-4.00882784e-03	-3.06489533e-03	-9.43932516e-04
260             	3.41514416e-01	1.74327575e-01	1.67186841e-01	3.18826169e-02	2.22816239e-02	9.60099298e-03	6.34031548e-03	3.57036709e-03	-1.07258420e-03	-8.92444716e-03	-5.53480778e-03	-3.38963938e-03
270             	3.46462952e-01	1.72501637e-01	1.73961316e-01	7.36460620e-02	3.35062955e-02	4.01397665e-02	-3.31673550e-03	-7.29839428e-04	-4.85496154e-04	-1.10456212e-02	-6.00830676e-03	-5.03731445e-03
280             	3.50587868e-01	1.70863578e-01	1.79724290e-01	1.29440171e-01	5.30620105e-02	7.63781608e-02	-1.16580752e-02	-4.43035617e-03	7.81471562e-04	-4.96144499e-03	-1.69925093e-03	-3.26219405e-03
290             	3.53982917e-01	1.73254733e-01	1.80728184e-01	1.69041730e-01	7.06828962e-02	9.83588334e-02	-1.38379686e-02	-3.73672518e-03	1.48290680e-03	7.72068999e-03	5.34325180e-03	2.37743819e-03
300             	3.55652741e-01	1.78424974e-01	1.77227767e-01	1.77635668e-01	7.92831074e-02	9.83525608e-02	-9.53472670e-03	5.98603487e-04	9.89308757e-04	1.24785759e-02	7.22859672e-03	5.24997920e-03
310             	3.50561476e-01	1.79952765e-01	1.70608710e-01	1.46127714e-01	7.18925966e-02	7.42351175e-02	-1.17126043e-03	4.67202764e-03	-1.17401473e-03	1.30196317e-02	5.33580110e-03	7.68383056e-03
320             	3.37242550e-01	1.73565825e-01	1.63676725e-01	1.05268164e-01	6.06270388e-02	4.46411250e-02	7.99295691e-03	4.94455008e-03	-2.83651938e-03	1.08452487e-02	2.58610498e-03	8.25914374e-03
330             	3.29045768e-01	1.67031626e-01	1.62014142e-01	1.03707760e-01	6.78011768e-02	3.59065830e-02	1.59472969e-02	2.50874190e-03	-2.27272074e-03	2.94892411e-03	-7.98258687e-04	3.74718280e-03
340             	3.27972184e-01	1.63106894e-01	1.64865289e-01	1.29451286e-01	8.36999285e-02	4.57513572e-02	1.89742856e-02	-8.79197420e-04	-4.83498975e-05	-9.42707251e-03	-4.76188615e-03	-4.66518636e-03
350             	3.34435665e-01	1.62064716e-01	1.72370949e-01	1.50493122e-01	8.83871306e-02	6.21059911e-02	1.31405698e-02	-5.15311661e-03	1.62195743e-03	-1.43673445e-02	-5.56171479e-03	-8.80562966e-03
360             	3.44783752e-01	1.65792161e-01	1.78991591e-01	1.35076096e-01	6.81629552e-02	6.69131405e-02	6.24907331e-04	-6.59971522e-03	9.84417610e-04	-7.11295339e-03	-2.57205909e-03	-4.54089431e-03
370             	3.49628606e-01	1.70444049e-01	1.79184557e-01	8.70246664e-02	3.46596745e-02	5.23649919e-02	-8.85265872e-03	-4.37025393e-03	2.71195341e-04	2.28687274e-03	1.41463171e-03	8.72241028e-04
380             	3.48216259e-01	1.73471399e-01	1.74744860e-01	2.91367431e-02	6.21741397e-03	2.29193292e-02	-8.35095761e-03	-6.36730485e-04	4.52529929e-04	4.99930719e-03	2.95218352e-03	2.04712367e-03
390             	3.46657585e-01	1.76637577e-01	1.70020008e-01	1.42495193e-02	7.05705551e-03	7.19246374e-03	-6.77041116e-05	3.30878425e-03	1.83126644e-04	4.55561854e-03	2.46093591e-03	2.09468263e-03
400             	3.49442928e-01	1.79702904e-01	1.69740025e-01	6.74423790e-02	3.97839235e-02	2.76584555e-02	6.06273398e-03	4.98143947e-03	-1.22769220e-04	9.11208656e-04	3.32835108e-04	5.78373548e-04
410             	3.51855165e-01	1.81286332e-01	1.70568833e-01	1.42320859e-01	7.59610473e-02	6.63598113e-02	4.80061801e-03	5.35874958e-03	-6.62581759e-04	-6.10745128e-03	-3.71630740e-03	-2.39114388e-03
420             	3.50735137e-01	1.80135667e-01	1.70599470e-01	1.90126379e-01	9.27648705e-02	9.73615081e-02	-2.29831883e-03	4.76809845e-03	-7.85013120e-04	-1.57206054e-02	-8.64531580e-03	-7.07528956e-03
430             	3.43868757e-01	1.77098843e-01	1.66769914e-01	1.88286263e-01	8.35677120e-02	1.04718551e-01	-1.05754196e-02	5.16446431e-03	-6.04980095e-04	-2.03321844e-02	-1.07710723e-02	-9.56111210e-03
440             	3.33215472e-01	1.72137917e-01	1.61077555e-01	1.55229776e-01	6.20005335e-02	9.32292428e-02	-1.56143547e-02	5.53018081e-03	-4.32758176e-04	-2.13215876e-02	-1.10935520e-02	-1.02280356e-02
450             	3.26953045e-01	1.68533598e-01	1.58419448e-01	1.14281968e-01	4.13836407e-02	7.28983276e-02	-1.57573434e-02	5.05707500e-03	-4.12971512e-06	-1.75101460e-02	-8.75920271e-03	-8.75094328e-03
460             	3.28646483e-01	1.67897377e-01	1.60749106e-01	9.66376192e-02	3.86448680e-02	5.79927512e-02	-9.67394160e-03	3.57413521e-03	6.57668862e-04	-7.58974338e-03	-3.13720283e-03	-4.45254055e-03
470             	3.35320793e-01	1.68460715e-01	1.66860078e-01	1.03369950e-01	5.40869131e-02	4.92830370e-02	2.40193805e-03	8.00318247e-04	1.43253929e-03	1.98459602e-03	2.42483730e-03	-4.40241276e-04
480             	3.43962809e-01	1.74098762e-01	1.69864047e-01	1.13089587e-01	7.36988817e-02	3.93907049e-02	1.71540884e-02	2.11735727e-03	1.55654055e-03	6.16374125e-03	4.63841117e-03	1.52533008e-03
490             	3.50637445e-01	1.81684213e-01	1.68953232e-01	1.14383274e-01	8.16504578e-02	3.27328165e-02	2.44588206e-02	6.36549069e-03	1.04545856e-03	5.88159180e-03	3.98625446e-03	1.89533734e-03
500             	3.52106118e-01	1.83947555e-01	1.68158563e-01	9.59528013e-02	6.59149311e-02	3.00378703e-02	1.79385304e-02	7.89449588e-03	6.78035340e-04	5.99127374e-03	3.67367221e-03	2.31760153e-03
510             	3.46293048e-01	1.79629475e-01	1.66663573e-01	6.44736085e-02	3.44618434e-02	3.00117651e-02	2.22503917e-03	6.48295121e-03	-5.69654634e-04	9.10446219e-03	3.98257646e-03	5.12188573e-03
520             	3.41878951e-01	1.73132708e-01	1.68746242e-01	5.11116141e-02	1.10258471e-02	4.00857670e-02	-1.45299600e-02	2.19323283e-03	-1.49772029e-03	8.68576566e-03	2.84516254e-03	5.84060312e-03
530             	3.40911588e-01	1.67958940e-01	1.72952648e-01	8.41555774e-02	1.84297045e-02	6.57258730e-02	-2.36480842e-02	-2.49685380e-03	-1.79714323e-03	6.30548111e-03	1.35559732e-03	4.94988379e-03
540             	3.41162904e-01	1.62260812e-01	1.78902092e-01	1.26197386e-01	4.10818010e-02	8.51155848e-02	-2.20168919e-02	-8.32064005e-03	-1.24850297e-03	4.74072489e-03	1.12185947e-03	3.61886542e-03
550             	3.38059693e-01	1.57495940e-01	1.80563753e-01	1.48689524e-01	6.39503502e-02	8.47391734e-02	-1.03944116e-02	-1.15339064e-02	-7.22510276e-04	2.80513850e-03	6.80058975e-04	2.12507953e-03
560             	3.35237921e-01	1.56629910e-01	1.78608011e-01	1.56937222e-01	8.36610643e-02	7.32761575e-02	5.19245339e-03	-1.09890510e-02	-4.55758426e-04	2.19956085e-03	6.44022000e-04	1.55553885e-03
570             	3.36869322e-01	1.61827984e-01	1.75041339e-01	1.50248667e-01	8.94662637e-02	6.07824034e-02	1.43419301e-02	-6.60667727e-03	-4.98873057e-04	-5.33494050e-04	-7.65620082e-04	2.32126032e-04
580             	3.38154578e-01	1.66340759e-01	1.71813819e-01	1.27208044e-01	7.88681846e-02	4.83398597e-02	1.52641625e-02	-2.73652994e-03	-8.22147718e-04	2.37067190e-03	3.63188230e-04	2.00748367e-03
590             	3.38630075e-01	1.68488531e-01	1.70141544e-01	9.54011194e-02	5.42525648e-02	4.11485546e-02	6.55200508e-03	-8.26506485e-04	-2.04716530e-03	6.97637464e-03	1.44102203e-03	5.53535262e-03
600             	3.36838615e-01	1.70260346e-01	1.66578269e-01	7.81486103e-02	3.34116681e-02	4.47369423e-02	-5.66263709e-03	1.84103865e-03	-2.84254482e-03	5.40499125e-03	-1.40049197e-04	5.54504044e-03
610             	3.42877712e-01	1.75508280e-01	1.67369432e-01	8.61377050e-02	3.31913639e-02	5.29463411e-02	-9.87748861e-03	4.06942380e-03	-2.92171812e-03	-4.86409278e-03	-5.35376451e-03	4.89671731e-04
620             	3.52273452e-01	1.79647352e-01	1.72626099e-01	8.41260669e-02	3.70702491e-02	4.70558178e-02	-4.99278436e-03	3.51062643e-03	-2.88404405e-03	-1.06582522e-02	-8.21317017e-03	-2.44508206e-03
630             	3.52171734e-01	1.74990425e-01	1.77181310e-01	7.55724415e-02	3.98567191e-02	3.57157224e-02	2.07049835e-03	-1.09544255e-03	-2.23558095e-03	-1.20544187e-02	-8.26279032e-03	-3.79162841e-03
640             	3.51268793e-01	1.69101684e-01	1.82167109e-01	9.68633177e-02	5.61311766e-02	4.07321411e-02	7.69951771e-03	-6.53271250e-03	-1.46128700e-03	-1.31763948e-02	-8.04948438e-03	-5.12691038e-03
650             	3.49226681e-01	1.64238157e-01	1.84988524e-01	1.10610612e-01	6.28135933e-02	4.77970186e-02	7.50828736e-03	-1.03751832e-02	-3.29650594e-04	-1.91238990e-02	-9.89160011e-03	-9.23229893e-03
660             	3.45282057e-01	1.60227092e-01	1.85054965e-01	1.03452449e-01	5.51110027e-02	4.83414467e-02	3.38477801e-03	-1.24139363e-02	8.59542938e-04	-2.07824248e-02	-9.53166945e-03	-1.12507553e-02
670             	3.43115190e-01	1.60080105e-01	1.83035085e-01	9.31104052e-02	4.40796323e-02	4.90307729e-02	-2.47557032e-03	-1.14774901e-02	1.57860767e-03	-1.23301256e-02	-4.58645513e-03	-7.74367046e-03
680             	3.38207231e-01	1.58683633e-01	1.79523598e-01	8.38027220e-02	3.78243283e-02	4.59783937e-02	-4.07703273e-03	-1.04199823e-02	2.73789219e-03	1.46445878e-03	3.47012158e-03	-2.00566280e-03
690             	3.33275902e-01	1.57263835e-01	1.76012067e-01	9.83677272e-02	4.87218452e-02	4.96458820e-02	-4.62018391e-04	-9.37411573e-03	3.48421156e-03	8.31977913e-03	7.64410113e-03	6.75678001e-04
700             	3.36158055e-01	1.62750229e-01	1.73407826e-01	1.18604057e-01	6.40968269e-02	5.45072304e-02	4.79479822e-03	-5.32879837e-03	2.83196256e-03	5.92461096e-03	5.79426804e-03	1.30342926e-04
710             	3.40852004e-01	1.73357463e-01	1.67494541e-01	1.15361731e-01	6.86064470e-02	4.67552836e-02	1.09255817e-02	2.93146084e-03	9.61861129e-04	-5.09979199e-04	7.06871530e-04	-1.21685073e-03
720             	3.41365192e-01	1.77966067e-01	1.63399125e-01	1.10048303e-01	6.72304929e-02	4.28178101e-02	1.22063414e-02	7.28347072e-03	-4.07954255e-05	-5.58053118e-03	-2.83106102e-03	-2.74947016e-03
730             	3.47587510e-01	1.84104185e-01	1.63483325e-01	9.61194521e-02	5.47793296e-02	4.13401226e-02	6.71960351e-03	1.03104300e-02	-1.20813719e-03	-8.85417890e-03	-5.63522664e-03	-3.21895227e-03
740             	3.53478228e-01	1.87312900e-01	1.66165328e-01	8.02908581e-02	3.44621142e-02	4.58287439e-02	-5.68331488e-03	1.05737862e-02	-2.94914045e-03	-5.99167177e-03	-5.94497634e-03	-4.66954317e-05
750             	3.52245893e-01	1.82429010e-01	1.69816883e-01	7.62352625e-02	2.09841741e-02	5.52510884e-02	-1.71334572e-02	6.30606372e-03	-3.15570367e-03	-9.96991495e-04	-3.65419942e-03	2.65720792e-03
760             	3.45717397e-01	1.73531015e-01	1.72186382e-01	8.81189451e-02	2.21063102e-02	6.60126349e-02	-2.19531624e-02	6.72316141e-04	-2.38720182e-03	8.59702868e-03	1.91131252e-03	6.68571616e-03
770             	3.40387037e-01	1.66455817e-01	1.73931220e-01	9.89527297e-02	3.36712115e-02	6.52815182e-02	-1.58051534e-02	-3.73770168e-03	-2.07360839e-03	1.97454238e-02	7.79910350e-03	1.19463203e-02
780             	3.40381708e-01	1.63641820e-01	1.76739888e-01	1.09166994e-01	5.03004581e-02	5.88665362e-02	-4.28303907e-03	-6.54903392e-03	-8.72065978e-04	2.31787080e-02	1.07172880e-02	1.24614200e-02
790             	3.42110160e-01	1.63944726e-01	1.78165434e-01	1.11223920e-01	6.26170040e-02	4.86069163e-02	7.00504386e-03	-7.11035400e-03	5.50422691e-04	1.21751502e-02	6.63799777e-03	5.53715239e-03
800             	3.40958657e-01	1.65272772e-01	1.75685885e-01	1.08311551e-01	6.64800775e-02	4.18314736e-02	1.23243019e-02	-5.20655673e-03	1.28376316e-03	-4.39123853e-03	-9.11856108e-04	-3.47938243e-03
810             	3.38996051e-01	1.67657780e-01	1.71338271e-01	1.08884389e-01	6.52959127e-02	4.35884758e-02	1.08537185e-02	-1.84024551e-03	8.44022376e-04	-1.12318714e-02	-4.77191331e-03	-6.45995806e-03
820             	3.41166348e-01	1.73492551e-01	1.67673798e-01	1.06817746e-01	5.90115148e-02	4.78062316e-02	5.60264157e-03	2.90937652e-03	-3.96242800e-04	-6.58917554e-03	-3.69083057e-03	-2.89834497e-03
830             	3.41914736e-01	1.79704143e-01	1.62210594e-01	9.98057793e-02	4.94711445e-02	5.03346347e-02	-4.31745095e-04	8.74677468e-03	-1.31674779e-03	-4.13109863e-03	-3.38229710e-03	-7.48801523e-04
840             	3.41935886e-01	1.83570599e-01	1.58365286e-01	8.95924025e-02	3.75735407e-02	5.20188618e-02	-7.22266051e-03	1.26026564e-02	-1.21695841e-03	-1.13620050e-02	-6.89796089e-03	-4.46404406e-03
850             	3.44053718e-01	1.85159401e-01	1.58894317e-01	7.25213984e-02	2.75339381e-02	4.49874602e-02	-8.72676105e-03	1.31325421e-02	-1.57804953e-03	-1.50534755e-02	-9.10478728e-03	-5.94868823e-03
860             	3.47191811e-01	1.84829686e-01	1.62362124e-01	6.24600986e-02	2.66716575e-02	3.57884411e-02	-4.55839182e-03	1.12337808e-02	-2.31960800e-03	-1.12043146e-02	-7.92176530e-03	-3.28254930e-03
870             	3.51347158e-01	1.81950873e-01	1.69396285e-01	6.42991774e-02	3.25647360e-02	3.17344414e-02	4.15147261e-04	6.27729365e-03	-1.80845749e-03	-3.12280451e-03	-3.36985974e-03	2.47055230e-04
880             	3.50879660e-01	1.73901076e-01	1.76978584e-01	8.21528701e-02	4.54200536e-02	3.67328165e-02	4.34361855e-03	-1.53875409e-03	3.32392362e-04	-9.20188343e-04	-1.27701809e-04	-7.92486534e-04
890             	3.48770110e-01	1.66707347e-01	1.82062762e-01	1.01196483e-01	5.35305757e-02	4.76659076e-02	2.93233402e-03	-7.67770740e-03	2.23481611e-03	-2.96882184e-03	7.50405193e-04	-3.71922703e-03
900             	3.48142743e-01	1.64731022e-01	1.83411722e-01	1.03483056e-01	4.89521831e-02	5.45308733e-02	-2.78934511e-03	-9.34035005e-03	2.30091124e-03	2.08696369e-03	3.34439309e-03	-1.25742940e-03
910             	3.47465969e-01	1.67981788e-01	1.79484181e-01	9.35464589e-02	4.06410753e-02	5.29053835e-02	-6.13215410e-03	-5.75119621e-03	1.54087439e-03	8.59012065e-03	5.83593472e-03	2.75418593e-03
920             	3.45705397e-01	1.70634643e-01	1.75070754e-01	8.25018585e-02	3.77234776e-02	4.47783809e-02	-3.52745166e-03	-2.21805536e-03	1.12229352e-03	7.95932223e-03	5.10195463e-03	2.85736759e-03
930             	3.42841413e-01	1.69980471e-01	1.72860943e-01	8.75627698e-02	4.51317565e-02	4.24310133e-02	1.35037158e-03	-1.44023621e-03	1.00856822e-03	-1.52763776e-04	9.32186332e-04	-1.08495011e-03
940             	3.44185913e-01	1.71885096e-01	1.72300817e-01	1.00551474e-01	5.48988367e-02	4.56526373e-02	4.62309967e-03	-2.07860451e-04	1.04075811e-03	-8.23121585e-03	-3.07484981e-03	-5.15636604e-03
950             	3.44417779e-01	1.76936812e-01	1.67480967e-01	1.00174701e-01	5.54881935e-02	4.46865077e-02	5.40084290e-03	4.72792248e-03	6.29438364e-05	-1.18392977e-02	-5.85670503e-03	-5.98259270e-03
960             	3.40021937e-01	1.80627147e-01	1.59394789e-01	8.17939632e-02	4.06204107e-02	4.11735525e-02	-2.76570873e-04	1.06161789e-02	-1.94396317e-03	-9.58638821e-03	-6.73715727e-03	-2.84923094e-03
970             	3.37746817e-01	1.82461369e-01	1.55285448e-01	6.84317835e-02	2.85930125e-02	3.98387710e-02	-5.62287923e-03	1.35879607e-02	-3.66506112e-03	-2.63447405e-03	-4.98229814e-03	2.34782409e-03
980             	3.40323277e-01	1.81169718e-01	1.59153558e-01	8.09545729e-02	3.43022120e-02	4.66523608e-02	-6.17507440e-03	1.10080799e-02	-3.47242783e-03	5.38774056e-03	-7.78557550e-04	6.16629811e-03
990             	3.41169254e-01	1.73615267e-01	1.67553986e-01	1.07425511e-01	5.07811648e-02	5.66443460e-02	-2.93159057e-03	3.03064051e-03	-1.86651410e-03	6.68658761e-03	1.47677971e-03	5.20980791e-03
1000            	3.38039421e-01	1.62334310e-01	1.75705111e-01	1.38720699e-01	7.17593454e-02	6.69613540e-02	2.39899569e-03	-6.68540049e-03	3.08444155e-04	6.13333595e-03	3.37511213e-03	2.75822382e-03
1010            	3.36436601e-01	1.58186620e-01	1.78249981e-01	1.51526182e-01	8.03979483e-02	7.11282337e-02	4.63485730e-03	-1.00316806e-02	1.11568166e-03	7.30617643e-03	4.76876988e-03	2.53740656e-03
1020            	3.38073642e-01	1.63458156e-01	1.74615486e-01	1.35708448e-01	7.26024581e-02	6.31059903e-02	4.74823391e-03	-5.57866460e-03	6.17510967e-04	3.12583656e-03	2.18042925e-03	9.45407313e-04
1030            	3.37638759e-01	1.68743588e-01	1.68895171e-01	1.09114619e-01	5.76034918e-02	5.15111276e-02	3.04618206e-03	-7.57914342e-05	4.75391967e-04	-6.03381390e-03	-2.54151498e-03	-3.49229892e-03
1040            	3.39720797e-01	1.71381369e-01	1.68339428e-01	9.39388888e-02	4.73270422e-02	4.66118466e-02	3.57597795e-04	1.52097058e-03	1.01401222e-03	-1.31400890e-02	-5.55603228e-03	-7.58405671e-03
1050            	3.43132782e-01	1.73060285e-01	1.70072498e-01	8.91265423e-02	4.50828078e-02	4.40437345e-02	5.19536653e-04	1.49389338e-03	1.17819498e-03	-1.49255611e-02	-6.28458556e-03	-8.64097552e-03
1060            	3.45316149e-01	1.78047676e-01	1.67268473e-01	8.54870721e-02	4.33953217e-02	4.20917504e-02	6.51785650e-04	5.38960174e-03	7.78782334e-04	-1.74713571e-02	-7.95689621e-03	-9.51446087e-03
1070            	3.46873166e-01	1.85338215e-01	1.61534951e-01	7.95141623e-02	4.00534875e-02	3.94606748e-02	2.96406360e-04	1.19016319e-02	-1.27294163e-03	-1.70898110e-02	-9.81784715e-03	-7.27196389e-03
1080            	3.45914092e-01	1.87543562e-01	1.58370530e-01	8.30592931e-02	4.18459501e-02	4.12133430e-02	3.16303540e-04	1.45865157e-02	-2.94631921e-03	-1.05811895e-02	-8.23691397e-03	-2.34427555e-03
1090            	3.45166262e-01	1.83021253e-01	1.62145008e-01	9.27592672e-02	4.76367813e-02	4.51224859e-02	1.25714770e-03	1.04381225e-02	-2.95057553e-03	-2.29390463e-03	-4.09752785e-03	1.80362321e-03
1100            	3.44253366e-01	1.73652241e-01	1.70601125e-01	9.06427095e-02	4.61003416e-02	4.45423680e-02	7.78986803e-04	1.52555831e-03	-1.48115385e-03	3.08550043e-03	6.15963678e-05	3.02390406e-03
1110            	3.40942818e-01	1.61680004e-01	1.79262813e-01	8.03016126e-02	3.87164516e-02	4.15851609e-02	-1.43435464e-03	-8.79140449e-03	6.13381281e-05	5.62926752e-03	2.87597189e-03	2.75329563e-03
1120            	3.36201969e-01	1.54060274e-01	1.82141695e-01	8.19410034e-02	3.77097349e-02	4.42312685e-02	-3.26076679e-03	-1.40407103e-02	5.62910845e-04	5.45920701e-03	3.29251435e-03	2.16669266e-03
1130            	3.40271868e-01	1.57119203e-01	1.83152665e-01	1.05519301e-01	4.89647677e-02	5.65545336e-02	-3.79488294e-03	-1.30167308e-02	2.62246312e-04	1.50745760e-03	1.01597511e-03	4.91482488e-04
1140            	3.44600859e-01	1.65502703e-01	1.79098157e-01	1.03966852e-01	5.18791348e-02	5.20877172e-02	-1.04291198e-04	-6.79772722e-03	-2.23245099e-04	-2.94477618e-03	-1.69563319e-03	-1.24914299e-03
1150            	3.41471315e-01	1.69031650e-01	1.72439665e-01	8.48649125e-02	4.88485994e-02	3.60163131e-02	6.41614315e-03	-1.70400718e-03	-1.26245608e-04	-6.42705501e-03	-3.33977312e-03	-3.08728190e-03
1160            	3.41142097e-01	1.69773630e-01	1.71368467e-01	8.17351645e-02	5.04710660e-02	3.12640985e-02	9.60348375e-03	-7.97418772e-04	-1.12978885e-04	-4.63309677e-03	-2.42952727e-03	-2.20356950e-03
1170            	3.42466137e-01	1.74352450e-01	1.68113687e-01	7.84279892e-02	4.80540487e-02	3.03739405e-02	8.84005412e-03	3.11938193e-03	-7.45784042e-04	-3.27086411e-03	-2.38121610e-03	-8.89648015e-04
1180            	3.42017891e-01	1.82968620e-01	1.59049270e-01	7.55557263e-02	4.20191250e-02	3.35366013e-02	4.24126187e-03	1.19596749e-02	-2.06795173e-03	-3.57749743e-03	-3.85670045e-03	2.79203017e-04
1190            	3.41058528e-01	1.89318053e-01	1.51740475e-01	7.62931354e-02	3.57700730e-02	4.05230624e-02	-2.37649468e-03	1.87887889e-02	-3.12299682e-03	-7.88518155e-03	-7.06558759e-03	-8.19593958e-04
1200            	3.43330682e-01	1.90259347e-01	1.53071335e-01	9.32840133e-02	3.99760919e-02	5.33079214e-02	-6.66591478e-03	1.85940060e-02	-2.66066755e-03	-1.22810941e-02	-8.80121463e-03	-3.47987952e-03
1210            	3.46572630e-01	1.84230384e-01	1.62342246e-01	1.13241606e-01	5.25598850e-02	6.06817208e-02	-4.06091789e-03	1.09440692e-02	-1.86534902e-03	-6.16379341e-03	-4.94724573e-03	-1.21654768e-03
1220            	3.47151744e-01	1.71179230e-01	1.75972514e-01	1.25553725e-01	6.52748129e-02	6.02789122e-02	2.49795035e-03	-2.39664162e-03	-8.50944688e-04	6.61370791e-03	2.45590927e-03	4.15779864e-03
1230            	3.45510047e-01	1.59494872e-01	1.86015175e-01	1.20831342e-01	6.73406339e-02	5.34907079e-02	6.92496300e-03	-1.32601512e-02	3.47479699e-04	1.17841061e-02	6.23953275e-03	5.54457335e-03
1240            	3.44355519e-01	1.56696501e-01	1.87659018e-01	1.02693438e-01	5.79714559e-02	4.47219824e-02	6.62473674e-03	-1.54812584e-02	1.11223244e-03	8.66377608e-03	5.44412048e-03	3.21965560e-03
1250            	3.43974901e-01	1.63252829e-01	1.80722072e-01	7.97599773e-02	4.36852529e-02	3.60747244e-02	3.80526425e-03	-8.73462139e-03	7.24321124e-04	1.97853698e-03	1.71358961e-03	2.64947364e-04
1260            	3.41070307e-01	1.68901180e-01	1.72169127e-01	6.02812684e-02	3.29447001e-02	2.73365682e-02	2.80406597e-03	-1.63397365e-03	3.96152053e-04	-3.07517721e-03	-1.14143655e-03	-1.93374066e-03
1270            	3.41174585e-01	1.71789437e-01	1.69385148e-01	8.06482759e-02	4.36360035e-02	3.70122724e-02	3.31186557e-03	1.20214453e-03	1.00457675e-03	-7.57997489e-03	-2.78541070e-03	-4.79456419e-03
1280            	3.43413312e-01	1.77781265e-01	1.65632047e-01	1.01693575e-01	5.28431122e-02	4.88504628e-02	1.99632470e-03	6.07460884e-03	1.19457210e-03	-1.08547885e-02	-4.23282215e-03	-6.62196634e-03
1290            	3.40287168e-01	1.81354134e-01	1.58933034e-01	1.01054516e-01	5.15628884e-02	4.94916274e-02	1.03563051e-03	1.12105502e-02	6.42360784e-05	-9.36758567e-03	-4.61955676e-03	-4.74802892e-03
1300            	3.40632909e-01	1.83081765e-01	1.57551144e-01	9.16559458e-02	4.53153200e-02	4.63406258e-02	-5.12652923e-04	1.27653104e-02	-1.28097957e-03	-5.09503420e-03	-3.82849668e-03	-1.26653753e-03
1310            	3.41172970e-01	1.79108454e-01	1.62064516e-01	8.49185261e-02	4.03588483e-02	4.45596778e-02	-2.10041471e-03	8.52196910e-03	-1.52640849e-03	-2.84551120e-03	-2.94916409e-03	1.03652894e-04
1320            	3.40652543e-01	1.74301415e-01	1.66351127e-01	8.75614431e-02	4.19564362e-02	4.56050068e-02	-1.82428529e-03	3.97514393e-03	-1.29179483e-03	2.59920630e-03	7.80831990e-06	2.59139798e-03
1330            	3.42295391e-01	1.70681869e-01	1.71613522e-01	1.06881654e-01	5.36873949e-02	5.31942586e-02	2.46568155e-04	-4.65826530e-04	-8.70762742e-04	1.05929970e-02	4.42573575e-03	6.16726123e-03
1340            	3.45401708e-01	1.67262509e-01	1.78139199e-01	1.17921781e-01	5.93303735e-02	5.85914073e-02	3.69483097e-04	-5.43834499e-03	2.12684758e-04	1.38617347e-02	7.14355208e-03	6.71818257e-03
1350            	3.43131254e-01	1.61780989e-01	1.81350265e-01	1.00039814e-01	4.67735001e-02	5.32663135e-02	-3.24640669e-03	-9.78463802e-03	7.04351147e-04	1.32784391e-02	7.34357069e-03	5.93486840e-03
1360            	3.42020287e-01	1.61250010e-01	1.80770277e-01	8.52757468e-02	3.78739478e-02	4.74017990e-02	-4.76392562e-03	-9.76013380e-03	9.45797530e-04	6.14629176e-03	4.01894341e-03	2.12734835e-03
1370            	3.43479258e-01	1.66451630e-01	1.77027629e-01	7.78020561e-02	3.63361756e-02	4.14658804e-02	-2.56485239e-03	-5.28799961e-03	1.16287252e-03	-5.38594879e-03	-1.53010187e-03	-3.85584691e-03
1380            	3.41997050e-01	1.67400849e-01	1.74596201e-01	8.97472332e-02	4.72289238e-02	4.25183094e-02	2.35530723e-03	-3.59767614e-03	1.87614687e-03	-1.11560280e-02	-3.70186715e-03	-7.45416089e-03
1390            	3.41301556e-01	1.71530892e-01	1.69770664e-01	1.10902552e-01	6.11302511e-02	4.97723011e-02	5.67897500e-03	8.80113684e-04	1.90223088e-03	-9.34447883e-03	-2.77000854e-03	-6.57447029e-03
1400            	3.36779921e-01	1.78021073e-01	1.58758848e-01	9.89276511e-02	5.34775778e-02	4.54500733e-02	4.01375223e-03	9.63111205e-03	3.98229323e-04	-6.57380612e-03	-2.88867374e-03	-3.68513238e-03
1410            	3.33612389e-01	1.81245992e-01	1.52366397e-01	7.62198302e-02	3.65890910e-02	3.96307391e-02	-1.52082407e-03	1.44397972e-02	-6.00631070e-04	-6.59847876e-03	-3.89987045e-03	-2.69860831e-03
1420            	3.32388232e-01	1.77636686e-01	1.54751546e-01	6.81582972e-02	2.93392158e-02	3.88190813e-02	-4.73993277e-03	1.14425698e-02	-1.09260870e-03	-3.48683552e-03	-2.83602646e-03	-6.50809057e-04
1430            	3.33671222e-01	1.73382072e-01	1.60289150e-01	8.20823699e-02	3.83197793e-02	4.37625907e-02	-2.72140571e-03	6.54646074e-03	-1.54344804e-03	5.74896401e-04	-1.25599983e-03	1.83089624e-03
1440            	3.36031769e-01	1.67956509e-01	1.68075260e-01	1.23338936e-01	6.50418979e-02	5.82970378e-02	3.37243003e-03	-5.93757644e-05	-1.04504156e-03	-1.37331902e-04	-1.11370751e-03	9.76375610e-04
1450            	3.35047215e-01	1.62203349e-01	1.72843866e-01	1.42263398e-01	7.94837740e-02	6.27796245e-02	8.35207476e-03	-5.32025815e-03	-1.11749397e-03	1.16959680e-03	-5.32695568e-04	1.70229237e-03
1460            	3.32802198e-01	1.60239228e-01	1.72562970e-01	1.20167476e-01	6.79810888e-02	5.21863876e-02	7.89735059e-03	-6.16187124e-03	-1.15475792e-03	5.55553350e-03	1.62300882e-03	3.93252467e-03
1470            	3.35502811e-01	1.65002643e-01	1.70500169e-01	8.55745692e-02	4.96865871e-02	3.58879821e-02	6.89930252e-03	-2.74876283e-03	9.32641420e-06	2.32141660e-03	1.17003471e-03	1.15138188e-03
1480            	3.39635680e-01	1.70555016e-01	1.69080664e-01	6.42197800e-02	3.77844538e-02	2.64353262e-02	5.67456384e-03	7.37175815e-04	4.85687038e-04	-1.46959871e-03	-2.49112316e-04	-1.22048639e-03
1490            	3.42177052e-01	1.70102071e-01	1.72074982e-01	7.34725841e-02	3.83735139e-02	3.50990702e-02	1.63722185e-03	-9.86455609e-04	6.48142898e-04	-4.08159875e-03	-1.39265648e-03	-2.68894227e-03
1500            	3.43128259e-01	1.71561074e-01	1.71567185e-01	9.75811057e-02	4.61860322e-02	5.13950735e-02	-2.60452066e-03	-3.05519855e-06	8.07387371e-04	-5.95632553e-03	-2.17077540e-03	-3.78555014e-03
1510            	3.42401338e-01	1.75128104e-01	1.67273234e-01	1.10203847e-01	4.92912751e-02	6.09125715e-02	-5.81064817e-03	3.92743487e-03	2.55780082e-04	-6.23087993e-03	-2.85965988e-03	-3.37122005e-03
1520            	3.45468247e-01	1.79102183e-01	1.66366065e-01	1.25007094e-01	5.68223187e-02	6.81847750e-02	-5.68122816e-03	6.36805904e-03	-8.73797384e-04	-5.92958842e-03	-3.83859159e-03	-2.09099682e-03
1530            	3.46851546e-01	1.79348806e-01	1.67502740e-01	1.31162443e-01	6.32725105e-02	6.78899320e-02	-2.30871072e-03	5.92303274e-03	-1.70634856e-03	-5.47504023e-03	-4.44386867e-03	-1.03117156e-03
1540            	3.44053532e-01	1.75597910e-01	1.68455621e-01	1.09131648e-01	5.63372329e-02	5.27944149e-02	1.77140899e-03	3.57114455e-03	-2.35632953e-03	-3.63301044e-03	-4.17283475e-03	5.39824305e-04
1550            	3.42450412e-01	1.71839392e-01	1.70611019e-01	8.72484498e-02	5.04325084e-02	3.68159414e-02	6.80828349e-03	6.14186577e-04	-2.47801707e-03	3.72996860e-03	-6.13032774e-04	4.34300137e-03
1560            	3.41026623e-01	1.63809207e-01	1.77217415e-01	6.47177539e-02	4.16913760e-02	2.30263778e-02	9.33249911e-03	-6.70410383e-03	-1.19947930e-03	8.25382539e-03	2.92743340e-03	5.32639199e-03
1570            	3.35414384e-01	1.51142402e-01	1.84271982e-01	4.19565299e-02	2.45871046e-02	1.73694252e-02	3.60883971e-03	-1.65647898e-02	8.05124541e-04	2.96025129e-03	2.28525018e-03	6.75001103e-04
1580            	3.37189055e-01	1.50792570e-01	1.86396485e-01	6.57204281e-02	2.93449170e-02	3.63755111e-02	-3.51529707e-03	-1.78019575e-02	2.28594265e-03	-5.29184624e-03	-3.59980472e-04	-4.93186576e-03
1590            	3.44734494e-01	1.61154408e-01	1.83580086e-01	9.48108388e-02	4.29492115e-02	5.18616272e-02	-4.45620786e-03	-1.12128393e-02	2.07208606e-03	-1.09271465e-02	-3.39148718e-03	-7.53565931e-03
1600            	3.47584828e-01	1.70711746e-01	1.76873082e-01	1.03831861e-01	5.03976766e-02	5.34341841e-02	-1.51825375e-03	-3.08066829e-03	1.28780921e-03	-1.14513761e-02	-4.43787885e-03	-7.01349727e-03
1610            	3.44819766e-01	1.77804309e-01	1.67015457e-01	1.07287006e-01	5.58665681e-02	5.14204383e-02	2.22306493e-03	5.39442622e-03	3.27158213e-04	-9.67079444e-03	-4.50823901e-03	-5.16255543e-03
1620            	3.39893441e-01	1.82218338e-01	1.57675103e-01	8.09976819e-02	4.28384279e-02	3.81592540e-02	2.33958695e-03	1.22716176e-02	-8.22030407e-04	-7.90301517e-03	-4.77353799e-03	-3.12947718e-03
1630            	3.39812197e-01	1.84306094e-01	1.55506103e-01	7.48686684e-02	3.76765950e-02	3.71920734e-02	2.42260832e-04	1.43999954e-02	-2.13278943e-03	-3.90570422e-03	-4.08564154e-03	1.79937316e-04
1640            	3.43955109e-01	1.81998479e-01	1.61956630e-01	8.72449626e-02	4.35320353e-02	4.37129273e-02	-9.04459860e-05	1.00209243e-02	-2.74692809e-03	-1.20880426e-03	-3.35133022e-03	2.14252596e-03
1650            	3.43101961e-01	1.75342579e-01	1.67759381e-01	8.79301527e-02	4.52081901e-02	4.27219625e-02	1.24311380e-03	3.79159894e-03	-2.00632526e-03	5.16061878e-04	-1.74829432e-03	2.26435620e-03
1660            	3.42830159e-01	1.69908299e-01	1.72921859e-01	1.03066457e-01	5.61998335e-02	4.68666231e-02	4.66660519e-03	-1.50678000e-03	-9.87320475e-04	3.90827385e-03	9.66816451e-04	2.94145740e-03
1670            	3.45405786e-01	1.65487179e-01	1.79918608e-01	1.04953037e-01	5.93062156e-02	4.56468218e-02	6.82969690e-03	-7.21571439e-03	2.84710027e-05	7.47771619e-03	3.76732910e-03	3.71038709e-03
1680            	3.41401464e-01	1.56470002e-01	1.84931462e-01	7.41012917e-02	4.01065091e-02	3.39947825e-02	3.05586329e-03	-1.42307297e-02	1.42612211e-03	5.63150220e-03	4.24187321e-03	1.38962899e-03
1690            	3.44487442e-01	1.56862643e-01	1.87624799e-01	6.16774133e-02	3.13558009e-02	3.03216125e-02	5.17094188e-04	-1.53810783e-02	1.93654072e-03	2.36662393e-03	3.11985268e-03	-7.53228756e-04
1700            	3.46933739e-01	1.65302695e-01	1.81631045e-01	6.87126753e-02	3.60574169e-02	3.26552584e-02	1.70107924e-03	-8.16417515e-03	7.51702128e-04	3.97934232e-03	2.74137329e-03	1.23796903e-03
1710            	3.45616412e-01	1.68580217e-01	1.77036195e-01	8.15875324e-02	4.54521567e-02	3.61353757e-02	4.65839052e-03	-4.22798899e-03	6.84572795e-04	-5.30825120e-05	6.58031539e-04	-7.11114051e-04
1720            	3.46752032e-01	1.72665659e-01	1.74086373e-01	9.96841675e-02	5.71174913e-02	4.25666763e-02	7.27540750e-03	-7.10357007e-04	1.01410285e-03	-7.59757815e-03	-2.78468622e-03	-4.81289192e-03
1730            	3.46925883e-01	1.78675798e-01	1.68250085e-01	9.61941317e-02	5.31478058e-02	4.30463259e-02	5.05073991e-03	5.21285636e-03	5.04305725e-04	-7.21959238e-03	-3.10549047e-03	-4.11410192e-03
1740            	3.45200883e-01	1.83683660e-01	1.61517223e-01	8.20290846e-02	3.83215862e-02	4.37074984e-02	-2.69295606e-03	1.10832183e-02	-5.04630379e-04	-7.49628019e-03	-4.25277047e-03	-3.24350972e-03
1750            	3.45849636e-01	1.86253043e-01	1.59596592e-01	9.05286691e-02	3.67384305e-02	5.37902387e-02	-8.52590409e-03	1.33282254e-02	-1.47907364e-03	-8.68879146e-03	-5.82346936e-03	-2.86532209e-03
1760            	3.46166303e-01	1.83074978e-01	1.63091325e-01	9.43301200e-02	4.05590495e-02	5.37710705e-02	-6.60601047e-03	9.99182668e-03	-2.03090033e-03	-4.22350315e-03	-4.14265190e-03	-8.08512456e-05
1770            	3.44773466e-01	1.73972134e-01	1.70801333e-01	9.83724494e-02	5.14974782e-02	4.68749712e-02	2.31125354e-03	1.58540050e-03	-2.15438855e-03	3.80907858e-03	-2.49849262e-04	4.05892784e-03
1780            	3.41880888e-01	1.61596326e-01	1.80284562e-01	1.03133061e-01	6.11733608e-02	4.19597003e-02	9.60683028e-03	-9.34411820e-03	-1.29637831e-03	9.62095832e-03	3.51410085e-03	6.10685747e-03
1790            	3.37112838e-01	1.51203435e-01	1.85909403e-01	9.01846853e-02	5.52721635e-02	3.49125218e-02	1.01798209e-02	-1.73529840e-02	4.49888742e-05	1.07088055e-02	5.39939162e-03	5.30941388e-03
1800            	3.35606629e-01	1.49974552e-01	1.85632077e-01	6.15469850e-02	3.47718070e-02	2.67751781e-02	3.99831445e-03	-1.78287623e-02	5.18817650e-04	8.78521588e-03	4.91142559e-03	3.87379029e-03
1810            	3.36411174e-01	1.58482519e-01	1.77928655e-01	4.88957579e-02	2.44168076e-02	2.44789503e-02	-3.10713292e-05	-9.72306844e-03	4.40785619e-04	-6.21081845e-04	1.30244696e-04	-7.51326542e-04
1820            	3.37914952e-01	1.67927683e-01	1.69987268e-01	7.65919415e-02	3.64817525e-02	4.01101890e-02	-1.81421824e-03	-1.02979262e-03	5.74971336e-05	-7.26549038e-03	-3.57524805e-03	-3.69024232e-03
1830            	3.39649828e-01	1.75693070e-01	1.63956758e-01	1.26306292e-01	6.12255491e-02	6.50807431e-02	-1.92759700e-03	5.86815581e-03	1.92763775e-04	-8.77499431e-03	-4.19473338e-03	-4.58026093e-03
1840            	3.42393562e-01	1.78995552e-01	1.63398009e-01	1.51967162e-01	7.62432535e-02	7.57239084e-02	2.59672521e-04	7.79877150e-03	5.91935818e-04	-1.01256443e-02	-4.47088633e-03	-5.65475796e-03
1850            	3.42724605e-01	1.78436383e-01	1.64288222e-01	1.41287398e-01	7.30270751e-02	6.82603231e-02	2.38337601e-03	7.07408074e-03	6.88455616e-04	-1.21539634e-02	-5.38852607e-03	-6.76543731e-03
1860            	3.44658604e-01	1.75105621e-01	1.69552983e-01	1.11750081e-01	5.93278628e-02	5.24222179e-02	3.45282243e-03	2.77631869e-03	4.98396370e-04	-8.94621417e-03	-3.97471072e-03	-4.97150346e-03
1870            	3.42590579e-01	1.70890180e-01	1.71700398e-01	7.74216661e-02	4.23197351e-02	3.51019310e-02	3.60890203e-03	-4.05108849e-04	8.74085107e-05	-1.29174294e-03	-5.58462960e-04	-7.33279981e-04
1880            	3.42528396e-01	1.74690949e-01	1.67837446e-01	5.92051260e-02	3.45078111e-02	2.46973149e-02	4.90524814e-03	3.42675165e-03	-1.42500687e-03	5.17719414e-03	1.16359020e-03	4.01360394e-03
1890            	3.42401090e-01	1.74272473e-01	1.68128618e-01	6.24935247e-02	3.97577477e-02	2.27357770e-02	8.51098534e-03	3.07192752e-03	-2.01265326e-03	8.57881479e-03	2.27675414e-03	6.30206065e-03
1900            	3.38527080e-01	1.63435523e-01	1.75091557e-01	6.25391036e-02	3.60133786e-02	2.65257250e-02	4.74382682e-03	-5.82801668e-03	-6.12633004e-04	6.32734186e-03	2.55103793e-03	3.77630393e-03
1910            	3.37868570e-01	1.55557184e-01	1.82311386e-01	7.83008126e-02	3.60527194e-02	4.22480933e-02	-3.09768693e-03	-1.33771012e-02	1.26131181e-03	-4.71009671e-04	1.02580698e-03	-1.49681665e-03
1920            	3.42898630e-01	1.58992103e-01	1.83906526e-01	1.22750008e-01	5.74883820e-02	6.52616261e-02	-3.88662203e-03	-1.24572116e-02	1.93530114e-03	-3.51813640e-03	1.76232936e-04	-3.69436934e-03
1930            	3.42614147e-01	1.62482748e-01	1.80131399e-01	1.20467912e-01	5.99225278e-02	6.05453847e-02	-3.11428481e-04	-8.82432527e-03	2.14194234e-03	-2.19911257e-03	1.04238606e-03	-3.24149863e-03
1940            	3.43599976e-01	1.66639336e-01	1.76960641e-01	1.03414243e-01	5.58814340e-02	4.75328086e-02	4.17431266e-03	-5.16065271e-03	1.89807974e-03	-3.11709986e-04	1.74222475e-03	-2.05393474e-03
1950            	3.43671332e-01	1.74177531e-01	1.69493801e-01	7.49160632e-02	4.16369657e-02	3.32790975e-02	4.17893412e-03	2.34186505e-03	1.30721129e-03	-3.07742739e-03	-2.31502409e-04	-2.84592498e-03
1960            	3.40245965e-01	1.83676770e-01	1.56569195e-01	3.92906293e-02	1.97222627e-02	1.95683666e-02	7.69480611e-05	1.35537874e-02	-9.77603220e-04	-3.52355006e-03	-2.73937825e-03	-7.84171809e-04
1970            	3.39412474e-01	1.90271904e-01	1.49140569e-01	3.75991981e-02	1.34358384e-02	2.41633597e-02	-5.36376066e-03	2.05656675e-02	-2.90605854e-03	-2.87668589e-03	-4.34440149e-03	1.46771560e-03
1980            	3.44411584e-01	1.90990479e-01	1.53421105e-01	7.67496031e-02	3.09540291e-02	4.57955740e-02	-7.42077247e-03	1.87846869e-02	-3.08161924e-03	-3.92255446e-03	-5.04289648e-03	1.12034201e-03
1990            	3.45945849e-01	1.82328771e-01	1.63617077e-01	1.08868699e-01	5.17750564e-02	5.70936424e-02	-2.65929303e-03	9.35584702e-03	-2.48143989e-03	-3.98775853e-05	-2.50137868e-03	2.46150110e-03
2000            	3.41899568e-01	1.67290630e-01	1.74608938e-01	1.35129344e-01	7.45017612e-02	6.06275825e-02	6.93708939e-03	-3.65915393e-03	-8.51549999e-04	5.48341266e-03	1.89015633e-03	3.59325633e-03
