# Force and moment coefficients
# dragDir       : (1.00000000e+00 0.00000000e+00 0.00000000e+00)
# sideDir       : (0.00000000e+00 1.00000000e+00 0.00000000e+00)
# liftDir       : (0.00000000e+00 0.00000000e+00 1.00000000e+00)
# rollAxis      : (1.00000000e+00 0.00000000e+00 0.00000000e+00)
# pitchAxis     : (0.00000000e+00 1.00000000e+00 0.00000000e+00)
# yawAxis       : (0.00000000e+00 0.00000000e+00 1.00000000e+00)
# magUInf       : 2.00000000e+00
# lRef          : 4.00040000e-02
# Aref          : 3.21484300e-04
# CofR          : (0.00000000e+00 0.00000000e+00 0.00000000e+00)
#
# Time          	Cd              	Cd(f)           	Cd(r)           	Cl              	Cl(f)           	Cl(r)           	CmPitch         	CmRoll          	CmYaw           	Cs              	Cs(f)           	Cs(r)           
10              	-3.44192810e-01	-1.72018043e-01	-1.72174767e-01	-5.56168135e-04	-3.88868310e-04	-1.67299825e-04	-1.10784242e-04	7.83623395e-05	-1.03488664e-04	4.06182225e-04	9.96024482e-05	3.06579777e-04
20              	6.77540304e-01	3.38905402e-01	3.38634902e-01	2.73036605e-04	-9.24961636e-05	3.65532769e-04	-2.29014466e-04	1.35249833e-04	-1.96516135e-04	-1.20280100e-03	-7.97916635e-04	-4.04884364e-04
30              	3.11785978e-01	1.56250494e-01	1.55535484e-01	-1.09500569e-04	-3.92915390e-04	2.83414822e-04	-3.38165106e-04	3.57504645e-04	-3.67942567e-04	5.12325497e-04	-1.11779819e-04	6.24105316e-04
40              	1.87512903e-01	9.35166690e-02	9.39962339e-02	1.08153989e-03	3.16257212e-04	7.65282674e-04	-2.24512731e-04	-2.39782434e-04	1.11984755e-04	2.73761114e-05	1.25672811e-04	-9.82966993e-05
50              	1.71762613e-01	8.50072518e-02	8.67553610e-02	1.03693617e-03	4.78120888e-04	5.58815277e-04	-4.03471947e-05	-8.74054616e-04	1.42832032e-04	2.93916790e-04	2.89790427e-04	4.12636303e-06
60              	1.37084646e-01	6.81399661e-02	6.89446797e-02	-1.94878466e-05	2.31068998e-05	-4.25947464e-05	3.28508231e-05	-4.02356775e-04	1.70934370e-04	4.78082823e-04	4.09975781e-04	6.81070421e-05
70              	1.12351796e-01	5.54688100e-02	5.68829855e-02	3.16941286e-04	1.19753118e-04	1.97188168e-04	-3.87175248e-05	-7.07087746e-04	2.05966107e-05	-1.16540396e-03	-5.62105368e-04	-6.03298589e-04
80              	1.19021463e-01	5.88798709e-02	6.01415917e-02	5.72594071e-04	4.14349035e-04	1.58245035e-04	1.28052000e-04	-6.30860442e-04	7.50351913e-05	9.15336191e-04	5.32703287e-04	3.82632904e-04
90              	1.28008241e-01	6.36491621e-02	6.43590788e-02	-1.02546929e-04	-2.07303150e-05	-8.18166138e-05	3.05431494e-05	-3.54958386e-04	1.51057854e-04	3.34101973e-04	3.18108840e-04	1.59931328e-05
100             	1.26755140e-01	6.24458630e-02	6.43092767e-02	-9.46059896e-05	1.85314243e-04	-2.79920232e-04	2.32617238e-04	-9.31706857e-04	-8.62774750e-07	-1.68104628e-04	-8.49150890e-05	-8.31895395e-05
110             	1.12109585e-01	5.58906709e-02	5.62189138e-02	-6.22828754e-04	-1.89834375e-04	-4.32994379e-04	1.21580002e-04	-1.64121438e-04	-1.58554607e-04	1.04975171e-04	-1.06067022e-04	2.11042193e-04
120             	1.06412469e-01	5.29542663e-02	5.34582028e-02	-5.11903832e-04	-1.87601507e-04	-3.24302325e-04	6.83504086e-05	-2.51968260e-04	-1.29171102e-04	2.27601650e-04	-1.53702767e-05	2.42971927e-04
130             	1.06321738e-01	5.30503286e-02	5.32714092e-02	-5.17904012e-04	-1.94723571e-04	-3.23180441e-04	6.42284348e-05	-1.10540286e-04	-6.17746925e-05	-4.61123463e-05	-8.48308656e-05	3.87185193e-05
140             	1.04838767e-01	5.23991474e-02	5.24396198e-02	-2.39067667e-04	-1.28471733e-04	-1.10595934e-04	-8.93789984e-06	-2.02361826e-05	-9.35245944e-05	-1.43720487e-04	-1.65384838e-04	2.16643507e-05
150             	1.00363818e-01	4.98642165e-02	5.04996015e-02	4.76426900e-04	2.71781329e-04	2.04645571e-04	3.35678789e-05	-3.17692507e-04	-8.39841229e-05	-9.19124404e-05	-1.29940343e-04	3.80279027e-05
160             	9.61425918e-02	4.75958498e-02	4.85467420e-02	2.14522570e-04	1.57244070e-04	5.72785003e-05	4.99827849e-05	-4.75446121e-04	-6.43931282e-05	5.74516860e-05	-3.56672853e-05	9.31189712e-05
170             	9.35335278e-02	4.60437716e-02	4.74897562e-02	3.04591482e-04	1.90349678e-04	1.14241804e-04	3.80539367e-05	-7.22992341e-04	-5.13252547e-05	5.16748894e-05	-2.54878100e-05	7.71626995e-05
180             	9.12365092e-02	4.47795998e-02	4.64569093e-02	1.23546288e-04	1.64849988e-05	1.07061290e-04	-4.52881454e-05	-8.38654751e-04	-5.13333591e-05	5.78273550e-05	-2.24196816e-05	8.02470366e-05
190             	8.84384331e-02	4.32961396e-02	4.51422935e-02	2.65559235e-05	-1.15220152e-04	1.41776075e-04	-1.28498114e-04	-9.23076918e-04	-4.22910308e-05	6.73277499e-05	-8.62715588e-06	7.59549058e-05
200             	8.57925736e-02	4.17121028e-02	4.40804708e-02	3.91330014e-04	8.34638458e-05	3.07866168e-04	-1.12201161e-04	-1.18418400e-03	-4.20271622e-05	1.11899168e-04	1.39224219e-05	9.79767464e-05
210             	8.38236542e-02	4.04014785e-02	4.34221757e-02	9.00892145e-04	4.25899416e-04	4.74992728e-04	-2.45466560e-05	-1.51034858e-03	-3.57915123e-05	7.98711710e-05	4.14407317e-06	7.57270979e-05
220             	8.21878107e-02	3.91001749e-02	4.30876357e-02	1.47019108e-03	7.87661912e-04	6.82529166e-04	5.25663729e-05	-1.99373039e-03	-3.21264423e-05	4.29721170e-05	-1.06403838e-05	5.36125008e-05
230             	8.06609293e-02	3.78285172e-02	4.28324121e-02	1.77444381e-03	9.40819124e-04	8.33624690e-04	5.35972167e-05	-2.50194748e-03	-1.80081505e-05	7.48808320e-08	-1.79707101e-05	1.80455909e-05
240             	7.92972696e-02	3.66804398e-02	4.26168297e-02	1.72853329e-03	8.48934645e-04	8.79598649e-04	-1.53320018e-05	-2.96819496e-03	-1.62775478e-06	1.47026289e-05	5.72355968e-06	8.97906923e-06
250             	7.82043040e-02	3.57451776e-02	4.24591265e-02	1.47113467e-03	6.72595310e-04	7.98539360e-04	-6.29720250e-05	-3.35697446e-03	1.76495316e-05	5.34069598e-05	4.43530114e-05	9.05394832e-06
260             	7.73041074e-02	3.49441202e-02	4.23599872e-02	1.07473620e-03	4.76268071e-04	5.98468134e-04	-6.11000315e-05	-3.70793350e-03	3.16885341e-05	8.20344693e-05	7.27057688e-05	9.32870058e-06
270             	7.64431412e-02	3.42258567e-02	4.22172845e-02	6.55924011e-04	3.03746962e-04	3.52177049e-04	-2.42150433e-05	-3.99571392e-03	4.35429039e-05	7.74348317e-05	8.22603197e-05	-4.82548799e-06
280             	7.53894813e-02	3.34921103e-02	4.18973710e-02	4.92794148e-05	3.78423295e-05	1.14370854e-05	1.32026220e-05	-4.20263033e-03	6.46670030e-05	5.55988964e-05	9.24664512e-05	-3.68675548e-05
290             	7.41317529e-02	3.27694077e-02	4.13623452e-02	-2.56602594e-04	-1.12347890e-04	-1.44254704e-04	1.59534071e-05	-4.29646874e-03	6.14829148e-05	5.24762401e-05	8.77210349e-05	-3.52447948e-05
300             	7.24799707e-02	3.19325322e-02	4.05474385e-02	-2.91689046e-04	-1.59636101e-04	-1.32052945e-04	-1.37915778e-05	-4.30745316e-03	3.79988217e-05	4.63831664e-05	6.11904049e-05	-1.48072385e-05
310             	7.05169150e-02	3.09624293e-02	3.95544856e-02	-4.97837280e-04	-2.40889757e-04	-2.56947522e-04	8.02888262e-06	-4.29602816e-03	1.88401873e-05	1.02840083e-04	7.02602288e-05	3.25798542e-05
320             	6.81484035e-02	2.99097533e-02	3.82386502e-02	-8.06228087e-04	-3.48965102e-04	-4.57262985e-04	5.41489417e-05	-4.16444848e-03	4.04101214e-06	1.11162257e-04	5.96221406e-05	5.15401163e-05
330             	6.53593075e-02	2.88061379e-02	3.65531696e-02	-1.10103836e-03	-4.58235041e-04	-6.42803316e-04	9.22841376e-05	-3.87351587e-03	5.52952076e-06	1.45329956e-04	7.81944988e-05	6.71354573e-05
340             	6.22855652e-02	2.78000597e-02	3.44855055e-02	-1.30028785e-03	-5.76596546e-04	-7.23691300e-04	7.35473770e-05	-3.34272290e-03	-7.70598036e-06	1.63850708e-04	7.42193736e-05	8.96313343e-05
350             	5.89950441e-02	2.69673455e-02	3.20276986e-02	-1.58884343e-03	-6.64849465e-04	-9.23993968e-04	1.29572252e-04	-2.53017657e-03	2.57099947e-06	1.16767169e-04	6.09545839e-05	5.58125850e-05
360             	5.59821547e-02	2.64155259e-02	2.95666289e-02	-1.58038729e-03	-5.85504785e-04	-9.94882506e-04	2.04688861e-04	-1.57555152e-03	-1.62863772e-05	1.38745734e-04	5.30864897e-05	8.56592440e-05
370             	5.34968692e-02	2.60308665e-02	2.74660027e-02	-1.42690852e-03	-5.57303907e-04	-8.69604615e-04	1.56150354e-04	-7.17568090e-04	-1.45537543e-05	4.22251203e-05	6.55880587e-06	3.56663144e-05
380             	5.16296792e-02	2.56546356e-02	2.59750436e-02	-1.25211537e-03	-5.79774831e-04	-6.72340537e-04	4.62828527e-05	-1.60203982e-04	-8.26920327e-06	-6.97555000e-05	-4.31469533e-05	-2.66085467e-05
390             	5.03197911e-02	2.52790839e-02	2.50407072e-02	-8.43227622e-04	-4.63478022e-04	-3.79749600e-04	-4.18642107e-05	1.19188376e-04	-1.22373078e-05	-1.75958413e-04	-1.00216514e-04	-7.57418987e-05
400             	4.96523029e-02	2.52137096e-02	2.44385934e-02	-5.85003763e-04	-4.34690762e-04	-1.50313001e-04	-1.42188880e-04	3.87558094e-04	-1.46550184e-05	-1.50704154e-04	-9.00070953e-05	-6.06970585e-05
410             	4.93035538e-02	2.50431472e-02	2.42604066e-02	-5.38997126e-04	-4.24644103e-04	-1.14353023e-04	-1.55145540e-04	3.91370309e-04	-2.20570746e-05	-8.61322781e-05	-6.51232136e-05	-2.10090644e-05
420             	4.94018321e-02	2.49957272e-02	2.44061050e-02	-5.13514622e-04	-3.57037306e-04	-1.56477316e-04	-1.00279995e-04	2.94811102e-04	-5.94410282e-06	-5.51122905e-05	-3.35002481e-05	-2.16120424e-05
430             	4.98331495e-02	2.51392280e-02	2.46939214e-02	-4.61131800e-04	-2.85419555e-04	-1.75712245e-04	-5.48536553e-05	2.22653302e-04	3.90747754e-06	-5.72035756e-06	1.04729876e-06	-6.76765632e-06
440             	5.01648962e-02	2.52615728e-02	2.49033235e-02	-5.84249511e-04	-2.93979496e-04	-2.90270014e-04	-1.85474093e-06	1.79124644e-04	-4.23321732e-06	2.91155415e-05	1.03245534e-05	1.87909881e-05
450             	5.06021162e-02	2.53539300e-02	2.52481862e-02	-6.44580352e-04	-3.05411490e-04	-3.39168862e-04	1.68786861e-05	5.28718917e-05	-4.52253718e-06	4.27722370e-05	1.68635813e-05	2.59086557e-05
460             	5.10999688e-02	2.54010989e-02	2.56988699e-02	-6.37525720e-04	-2.52591904e-04	-3.84933816e-04	6.61709564e-05	-1.48885481e-04	3.39552811e-07	2.83763611e-05	1.45277334e-05	1.38486278e-05
470             	5.13272078e-02	2.52596121e-02	2.60675957e-02	-6.48297400e-04	-1.96950576e-04	-4.51346823e-04	1.27198123e-04	-4.03991819e-04	6.08059939e-06	-1.92596030e-06	5.11761924e-06	-7.04357954e-06
480             	5.14440251e-02	2.49713835e-02	2.64726416e-02	-6.84070151e-04	-1.92900394e-04	-4.91169756e-04	1.49134681e-04	-7.50629048e-04	7.81266414e-06	-7.46610463e-06	4.07961183e-06	-1.15457165e-05
490             	5.14079525e-02	2.45508778e-02	2.68570748e-02	-7.91875421e-04	-2.25468126e-04	-5.66407296e-04	1.70469585e-04	-1.15309850e-03	1.31665243e-05	-8.88879060e-06	8.72212895e-06	-1.76109196e-05
500             	5.11784323e-02	2.40764206e-02	2.71020117e-02	-8.49230475e-04	-2.74094817e-04	-5.75135658e-04	1.50520420e-04	-1.51279559e-03	1.58315965e-05	-1.73259944e-06	1.49652968e-05	-1.66978962e-05
510             	5.09714851e-02	2.36990105e-02	2.72724746e-02	-8.29400147e-04	-2.98412133e-04	-5.30988014e-04	1.16287941e-04	-1.78673209e-03	1.39617233e-05	-4.30903601e-06	1.18072053e-05	-1.61162413e-05
520             	5.07052617e-02	2.34235740e-02	2.72816877e-02	-8.37604555e-04	-3.29299556e-04	-5.08304998e-04	8.95027210e-05	-1.92905688e-03	9.50937835e-06	-2.49498346e-07	9.38462917e-06	-9.63412752e-06
530             	5.04000125e-02	2.32145830e-02	2.71854295e-02	-8.77639657e-04	-3.87062562e-04	-4.90577095e-04	5.17572663e-05	-1.98542326e-03	6.51003310e-06	3.20175704e-06	8.11091162e-06	-4.90915458e-06
540             	5.01523502e-02	2.30772903e-02	2.70750599e-02	-8.96545955e-04	-4.22320065e-04	-4.74225889e-04	2.59529120e-05	-1.99888481e-03	1.19024157e-06	1.42681369e-05	8.32431003e-06	5.94382689e-06
550             	4.98726153e-02	2.29416447e-02	2.69309705e-02	-9.16795994e-04	-4.56549978e-04	-4.60246016e-04	1.84801920e-06	-1.99466292e-03	-6.14196756e-07	2.15432601e-05	1.01574333e-05	1.13858268e-05
560             	4.95630908e-02	2.27887491e-02	2.67743417e-02	-9.28407312e-04	-4.70392824e-04	-4.58014488e-04	-6.18916784e-06	-1.99279632e-03	-2.72650968e-06	3.06498708e-05	1.25984257e-05	1.80514451e-05
570             	4.92007924e-02	2.26425024e-02	2.65582901e-02	-8.71154588e-04	-4.32446023e-04	-4.38708564e-04	3.13127038e-06	-1.95789385e-03	-1.16898005e-06	3.64354576e-05	1.70487488e-05	1.93867089e-05
580             	4.87982759e-02	2.24947898e-02	2.63034861e-02	-8.31701529e-04	-3.97986669e-04	-4.33714860e-04	1.78640955e-05	-1.90434811e-03	6.47785506e-07	4.61151834e-05	2.37053772e-05	2.24098062e-05
590             	4.83899967e-02	2.23449592e-02	2.60450375e-02	-7.92035083e-04	-3.52376224e-04	-4.39658859e-04	4.36413177e-05	-1.85003916e-03	1.62020780e-07	4.62739208e-05	2.32989812e-05	2.29749396e-05
600             	4.79525678e-02	2.21938606e-02	2.57587073e-02	-7.16043987e-04	-3.04266109e-04	-4.11777878e-04	5.37558844e-05	-1.78242335e-03	-3.23352378e-08	4.78528282e-05	2.38940789e-05	2.39587493e-05
610             	4.75270679e-02	2.20658698e-02	2.54611981e-02	-6.69273943e-04	-2.61842244e-04	-4.07431699e-04	7.27947278e-05	-1.69766415e-03	1.78126873e-07	4.49747863e-05	2.26655200e-05	2.23092663e-05
620             	4.71487373e-02	2.19719337e-02	2.51768035e-02	-6.18843148e-04	-2.30005557e-04	-3.88837591e-04	7.94160170e-05	-1.60243488e-03	7.84624852e-07	3.96274823e-05	2.05983660e-05	1.90291163e-05
630             	4.68062471e-02	2.19015568e-02	2.49046903e-02	-5.66939137e-04	-2.06300473e-04	-3.60638664e-04	7.71690958e-05	-1.50156677e-03	1.13818542e-06	2.85131380e-05	1.53947544e-05	1.31183836e-05
640             	4.65057681e-02	2.18455634e-02	2.46602047e-02	-5.33152210e-04	-1.88583425e-04	-3.44568785e-04	7.79926800e-05	-1.40732067e-03	1.37686752e-07	2.22998660e-05	1.12876198e-05	1.10122463e-05
650             	4.62490407e-02	2.17970560e-02	2.44519847e-02	-4.76372754e-04	-1.72676759e-04	-3.03695995e-04	6.55096178e-05	-1.32746433e-03	1.93791516e-07	1.83156976e-05	9.35164033e-06	8.96405730e-06
660             	4.60329930e-02	2.17492063e-02	2.42837867e-02	-4.32963971e-04	-1.55566729e-04	-2.77397242e-04	6.09152568e-05	-1.26729024e-03	2.41933655e-07	1.33205582e-05	6.90221278e-06	6.41834546e-06
670             	4.58538272e-02	2.16964543e-02	2.41573729e-02	-3.97686526e-04	-1.41843690e-04	-2.55842836e-04	5.69995731e-05	-1.23045929e-03	-3.10714935e-07	1.39541959e-05	6.66638302e-06	7.28781289e-06
680             	4.57109245e-02	2.16404346e-02	2.40704899e-02	-3.56852611e-04	-1.32130057e-04	-2.24722554e-04	4.62962484e-05	-1.21502761e-03	-1.75148456e-07	1.34751568e-05	6.56242997e-06	6.91272688e-06
690             	4.55919981e-02	2.15765479e-02	2.40154502e-02	-3.26659555e-04	-1.16254307e-04	-2.10405248e-04	4.70754703e-05	-1.21945112e-03	-6.29562844e-07	1.21509808e-05	5.44592755e-06	6.70505324e-06
700             	4.54885471e-02	2.15033223e-02	2.39852248e-02	-2.87175061e-04	-1.01381836e-04	-1.85793225e-04	4.22056946e-05	-1.24095123e-03	-8.42403369e-07	1.41378991e-05	6.22654619e-06	7.91135293e-06
710             	4.53982071e-02	2.14256043e-02	2.39726028e-02	-2.45151801e-04	-8.20695200e-05	-1.63082281e-04	4.05063805e-05	-1.27349927e-03	-9.05284115e-07	1.26272929e-05	5.40836232e-06	7.21893055e-06
720             	4.53200844e-02	2.13491421e-02	2.39709423e-02	-2.09402761e-04	-6.25510236e-05	-1.46851738e-04	4.21503571e-05	-1.31090012e-03	-9.92799700e-07	1.38256901e-05	5.92004534e-06	7.90564474e-06
730             	4.52521965e-02	2.12768781e-02	2.39753184e-02	-1.69219181e-04	-4.72267290e-05	-1.21992452e-04	3.73828614e-05	-1.34922014e-03	-8.72355625e-07	1.52302452e-05	6.74276699e-06	8.48747823e-06
740             	4.51927546e-02	2.12118860e-02	2.39808686e-02	-1.34057965e-04	-2.82659407e-05	-1.05792024e-04	3.87630417e-05	-1.38449129e-03	-8.48604076e-07	1.50252865e-05	6.66403916e-06	8.36124731e-06
750             	4.51381982e-02	2.11546631e-02	2.39835350e-02	-1.02412128e-04	-1.42588341e-05	-8.81532937e-05	3.69472298e-05	-1.41443595e-03	-7.50816131e-07	1.73262936e-05	7.91233068e-06	9.41396294e-06
760             	4.50879666e-02	2.11045343e-02	2.39834323e-02	-6.83673435e-05	6.14045734e-07	-6.89813892e-05	3.47977175e-05	-1.43944896e-03	-7.30340260e-07	1.78347214e-05	8.18702045e-06	9.64770097e-06
770             	4.50425770e-02	2.10617436e-02	2.39808335e-02	-4.30553324e-05	1.54131644e-05	-5.84684968e-05	3.69408306e-05	-1.45954494e-03	-9.85729850e-07	1.86055184e-05	8.31702934e-06	1.02884890e-05
780             	4.50000448e-02	2.10253335e-02	2.39747113e-02	-1.92608211e-05	2.64095786e-05	-4.56703996e-05	3.60399891e-05	-1.47468888e-03	-9.37018018e-07	1.95429627e-05	8.83446332e-06	1.07084994e-05
790             	4.49587968e-02	2.09933247e-02	2.39654720e-02	2.12395622e-06	4.02496816e-05	-3.81257254e-05	3.91877035e-05	-1.48607365e-03	-8.54606981e-07	1.94804987e-05	8.88564236e-06	1.05948563e-05
800             	4.49185223e-02	2.09651230e-02	2.39533992e-02	1.89984981e-05	5.11283069e-05	-3.21298089e-05	4.16290579e-05	-1.49413810e-03	-9.29985562e-07	2.20137755e-05	1.00769022e-05	1.19368733e-05
810             	4.48785291e-02	2.09391442e-02	2.39393850e-02	3.51138602e-05	5.95448564e-05	-2.44309963e-05	4.19879263e-05	-1.50012041e-03	-1.06939065e-06	2.31264045e-05	1.04938116e-05	1.26325929e-05
820             	4.48370365e-02	2.09138089e-02	2.39232277e-02	4.85012471e-05	6.93463507e-05	-2.08451036e-05	4.50957271e-05	-1.50470939e-03	-1.35728662e-06	2.34286476e-05	1.03570372e-05	1.30716104e-05
830             	4.47948350e-02	2.08892732e-02	2.39055618e-02	6.17439988e-05	7.70516853e-05	-1.53076865e-05	4.61796859e-05	-1.50814426e-03	-1.64242522e-06	2.40640167e-05	1.03895831e-05	1.36744336e-05
840             	4.47521288e-02	2.08654925e-02	2.38866363e-02	7.51750568e-05	8.62231081e-05	-1.10480513e-05	4.86355797e-05	-1.51057187e-03	-2.08866686e-06	2.37571162e-05	9.78989123e-06	1.39672250e-05
850             	4.47082311e-02	2.08418675e-02	2.38663636e-02	8.69541217e-05	9.46723882e-05	-7.71826650e-06	5.11953274e-05	-1.51224803e-03	-2.73175344e-06	2.43822713e-05	9.45938223e-06	1.49228891e-05
860             	4.46621314e-02	2.08177754e-02	2.38443561e-02	9.76525492e-05	1.01150323e-04	-3.49777418e-06	5.23240488e-05	-1.51329035e-03	-3.32248018e-06	2.40491160e-05	8.70207782e-06	1.53470382e-05
870             	4.46136955e-02	2.07933903e-02	2.38203052e-02	1.07211673e-04	1.08751059e-04	-1.53938621e-06	5.51452226e-05	-1.51345744e-03	-4.13412592e-06	2.38376345e-05	7.78469133e-06	1.60529432e-05
880             	4.45636839e-02	2.07691104e-02	2.37945735e-02	1.15410610e-04	1.14416774e-04	9.93835332e-07	5.67114695e-05	-1.51273155e-03	-4.96008348e-06	2.39848442e-05	7.03233862e-06	1.69525056e-05
890             	4.45123951e-02	2.07448142e-02	2.37675809e-02	1.22910314e-04	1.19812886e-04	3.09742788e-06	5.83577290e-05	-1.51138338e-03	-5.78899740e-06	2.32605688e-05	5.84128698e-06	1.74192818e-05
900             	4.44591869e-02	2.07200229e-02	2.37391640e-02	1.29735691e-04	1.25473454e-04	4.26223716e-06	6.06056084e-05	-1.50957052e-03	-6.72485171e-06	2.31944095e-05	4.87235301e-06	1.83220564e-05
910             	4.44037614e-02	2.06944807e-02	2.37092808e-02	1.36323506e-04	1.29994564e-04	6.32894206e-06	6.18328109e-05	-1.50740005e-03	-7.62389420e-06	2.29848438e-05	3.86852768e-06	1.91163161e-05
920             	4.43462125e-02	2.06681321e-02	2.36780804e-02	1.42739723e-04	1.35526295e-04	7.21342767e-06	6.41564336e-05	-1.50497415e-03	-8.56360869e-06	2.25597884e-05	2.71628550e-06	1.98435029e-05
930             	4.42868346e-02	2.06411360e-02	2.36456987e-02	1.48801882e-04	1.40286014e-04	8.51586802e-06	6.58850730e-05	-1.50228135e-03	-9.54082032e-06	2.26410260e-05	1.77969270e-06	2.08613333e-05
940             	4.42258837e-02	2.06135791e-02	2.36123046e-02	1.54654884e-04	1.44651736e-04	1.00031481e-05	6.73242938e-05	-1.49936275e-03	-1.04958876e-05	2.21854780e-05	5.96851401e-07	2.15886266e-05
950             	4.41634203e-02	2.05854256e-02	2.35779947e-02	1.60156213e-04	1.49423019e-04	1.07331935e-05	6.93449128e-05	-1.49628458e-03	-1.15114440e-05	2.19879536e-05	-5.17467212e-07	2.25054209e-05
960             	4.40994729e-02	2.05566092e-02	2.35428638e-02	1.65368768e-04	1.53120217e-04	1.22485512e-05	7.04358329e-05	-1.49312730e-03	-1.24844657e-05	2.18613259e-05	-1.55380279e-06	2.34151287e-05
970             	4.40341080e-02	2.05271471e-02	2.35069609e-02	1.70238852e-04	1.57098368e-04	1.31404839e-05	7.19789421e-05	-1.48990689e-03	-1.34496501e-05	2.14302808e-05	-2.73450972e-06	2.41647905e-05
980             	4.39674268e-02	2.04971180e-02	2.34703089e-02	1.74772191e-04	1.60755846e-04	1.40163457e-05	7.33697500e-05	-1.48659546e-03	-1.44139170e-05	2.14034581e-05	-3.71218797e-06	2.51156461e-05
990             	4.38995665e-02	2.04665475e-02	2.34330189e-02	1.79151003e-04	1.63916901e-04	1.52341023e-05	7.43413991e-05	-1.48323571e-03	-1.53223220e-05	2.11349290e-05	-4.75485751e-06	2.58897865e-05
1000            	4.38306927e-02	2.04354656e-02	2.33952271e-02	1.83420354e-04	1.67511897e-04	1.59084575e-05	7.58017197e-05	-1.47988077e-03	-1.62446150e-05	2.09584570e-05	-5.76538653e-06	2.67238435e-05
1010            	4.37608785e-02	2.04039169e-02	2.33569616e-02	1.87434083e-04	1.70454932e-04	1.69791512e-05	7.67378905e-05	-1.47652232e-03	-1.71322906e-05	2.08518399e-05	-6.70637068e-06	2.75582106e-05
1020            	4.36901014e-02	2.03718621e-02	2.33182394e-02	1.91199114e-04	1.73514729e-04	1.76843845e-05	7.79151724e-05	-1.47318865e-03	-1.79897624e-05	2.04676369e-05	-7.75594392e-06	2.82235808e-05
1030            	4.36184908e-02	2.03393315e-02	2.32791593e-02	1.94780881e-04	1.76585079e-04	1.81958026e-05	7.91946381e-05	-1.46991392e-03	-1.88617080e-05	2.03896031e-05	-8.66690642e-06	2.90565095e-05
1040            	4.35461453e-02	2.03063720e-02	2.32397734e-02	1.98544246e-04	1.79370282e-04	1.91739643e-05	8.00981589e-05	-1.46670070e-03	-1.96974888e-05	2.01798806e-05	-9.60754856e-06	2.97874291e-05
1050            	4.34731588e-02	2.02730221e-02	2.32001368e-02	2.02294003e-04	1.82568325e-04	1.97256785e-05	8.14213232e-05	-1.46355735e-03	-2.05441220e-05	1.98987099e-05	-1.05947670e-05	3.04934770e-05
1060            	4.33995593e-02	2.02393168e-02	2.31602425e-02	2.06112876e-04	1.85526339e-04	2.05865368e-05	8.24699011e-05	-1.46046282e-03	-2.13805511e-05	1.97798832e-05	-1.14906095e-05	3.12704927e-05
1070            	4.33253931e-02	2.02052963e-02	2.31200968e-02	2.10042054e-04	1.88527881e-04	2.15141728e-05	8.35068539e-05	-1.45740025e-03	-2.22037919e-05	1.94714518e-05	-1.24680660e-05	3.19395178e-05
1080            	4.32507419e-02	2.01710138e-02	2.30797281e-02	2.13871853e-04	1.91674471e-04	2.21973826e-05	8.47385441e-05	-1.45435715e-03	-2.30400486e-05	1.92728801e-05	-1.34036085e-05	3.26764887e-05
1090            	4.31756650e-02	2.01364997e-02	2.30391653e-02	2.17859397e-04	1.94550999e-04	2.33083981e-05	8.56213005e-05	-1.45133280e-03	-2.38581288e-05	1.90342564e-05	-1.43410006e-05	3.33752570e-05
1100            	4.31001425e-02	2.01017645e-02	2.29983780e-02	2.21982354e-04	1.97739004e-04	2.42433495e-05	8.67478274e-05	-1.44830677e-03	-2.47026104e-05	1.87511644e-05	-1.53270282e-05	3.40781926e-05
1110            	4.30242948e-02	2.00668365e-02	2.29574583e-02	2.25749471e-04	2.00556314e-04	2.51931565e-05	8.76815789e-05	-1.44531093e-03	-2.55668779e-05	1.86279662e-05	-1.62528948e-05	3.48808609e-05
1120            	4.29482599e-02	2.00317412e-02	2.29165187e-02	2.29040934e-04	2.02904964e-04	2.61359698e-05	8.83844970e-05	-1.44238873e-03	-2.64093328e-05	1.83787351e-05	-1.72199653e-05	3.55987004e-05
1130            	4.28719226e-02	1.99964775e-02	2.28754451e-02	2.32410786e-04	2.05525799e-04	2.68849877e-05	8.93204055e-05	-1.43948383e-03	-2.72817306e-05	1.82174163e-05	-1.81730224e-05	3.63904387e-05
1140            	4.27954381e-02	1.99611804e-02	2.28342577e-02	2.36256890e-04	2.08248718e-04	2.80081715e-05	9.01202735e-05	-1.43653865e-03	-2.81274422e-05	1.80545051e-05	-1.91001897e-05	3.71546948e-05
1150            	4.27188477e-02	1.99258636e-02	2.27929841e-02	2.40580015e-04	2.11481090e-04	2.90989250e-05	9.11910827e-05	-1.43356024e-03	-2.89717648e-05	1.78688286e-05	-2.00373505e-05	3.79061792e-05
1160            	4.26420764e-02	1.98904764e-02	2.27516000e-02	2.45104310e-04	2.14947281e-04	3.01570294e-05	9.23951257e-05	-1.43056177e-03	-2.98238547e-05	1.78097505e-05	-2.09189794e-05	3.87287299e-05
1170            	4.25650801e-02	1.98550130e-02	2.27100671e-02	2.50016577e-04	2.18548529e-04	3.14680480e-05	9.35402407e-05	-1.42752707e-03	-3.06904543e-05	1.77240749e-05	-2.18284169e-05	3.95524917e-05
1180            	4.24879946e-02	1.98195548e-02	2.26684398e-02	2.55109271e-04	2.22423539e-04	3.26857322e-05	9.48689031e-05	-1.42444252e-03	-3.15882902e-05	1.76652204e-05	-2.27556799e-05	4.04209004e-05
1190            	4.24109724e-02	1.97841714e-02	2.26268009e-02	2.60367786e-04	2.26226981e-04	3.41408052e-05	9.60430878e-05	-1.42131476e-03	-3.25048542e-05	1.76635571e-05	-2.36730756e-05	4.13366328e-05
1200            	4.23339885e-02	1.97488183e-02	2.25851702e-02	2.65766484e-04	2.30082314e-04	3.56841701e-05	9.71990717e-05	-1.41817594e-03	-3.34279824e-05	1.76025804e-05	-2.46266922e-05	4.22292726e-05
1210            	4.22569867e-02	1.97134675e-02	2.25435192e-02	2.71180905e-04	2.33946598e-04	3.72343072e-05	9.83561453e-05	-1.41502584e-03	-3.43624448e-05	1.75727935e-05	-2.55760481e-05	4.31488416e-05
1220            	4.21799637e-02	1.96781151e-02	2.25018486e-02	2.76769202e-04	2.37741760e-04	3.90274423e-05	9.93571589e-05	-1.41186675e-03	-3.53016069e-05	1.75149305e-05	-2.65441416e-05	4.40590722e-05
1230            	4.21030452e-02	1.96428155e-02	2.24602296e-02	2.82455364e-04	2.41685305e-04	4.07700587e-05	1.00457623e-04	-1.40870706e-03	-3.62486269e-05	1.74175749e-05	-2.75398394e-05	4.49574143e-05
1240            	4.20262916e-02	1.96075953e-02	2.24186963e-02	2.88217115e-04	2.45615366e-04	4.26017489e-05	1.01506809e-04	-1.40555048e-03	-3.72040986e-05	1.73443731e-05	-2.85319121e-05	4.58762851e-05
1250            	4.19496930e-02	1.95724557e-02	2.23772373e-02	2.94053254e-04	2.49558403e-04	4.44948508e-05	1.02531776e-04	-1.40239082e-03	-3.81707092e-05	1.72213896e-05	-2.95600144e-05	4.67814040e-05
1260            	4.18732553e-02	1.95373929e-02	2.23358624e-02	2.99845297e-04	2.53537451e-04	4.63078457e-05	1.03614803e-04	-1.39923475e-03	-3.91493262e-05	1.71264077e-05	-3.05861223e-05	4.77125300e-05
1270            	4.17970073e-02	1.95024118e-02	2.22945954e-02	3.05696102e-04	2.57461787e-04	4.82343142e-05	1.04613737e-04	-1.39609181e-03	-4.01389409e-05	1.70456465e-05	-3.16161176e-05	4.86617641e-05
1280            	4.17209681e-02	1.94675120e-02	2.22534561e-02	3.11579029e-04	2.61480030e-04	5.00989986e-05	1.05690516e-04	-1.39297202e-03	-4.11433627e-05	1.69368224e-05	-3.26749515e-05	4.96117739e-05
1290            	4.16451614e-02	1.94327099e-02	2.22124514e-02	3.17415747e-04	2.65465527e-04	5.19502204e-05	1.06757653e-04	-1.38987074e-03	-4.21581713e-05	1.68598551e-05	-3.37282437e-05	5.05880988e-05
1300            	4.15696286e-02	1.93980299e-02	2.21715987e-02	3.23323048e-04	2.69475838e-04	5.38472094e-05	1.07814314e-04	-1.38678443e-03	-4.31833932e-05	1.67616787e-05	-3.48025539e-05	5.15642326e-05
1310            	4.14943677e-02	1.93634841e-02	2.21308837e-02	3.29269835e-04	2.73571312e-04	5.56985228e-05	1.08936395e-04	-1.38369978e-03	-4.42314810e-05	1.66708544e-05	-3.58960538e-05	5.25669082e-05
1320            	4.14193744e-02	1.93290752e-02	2.20902992e-02	3.35187314e-04	2.77606902e-04	5.75804121e-05	1.10013245e-04	-1.38061202e-03	-4.52977043e-05	1.65460014e-05	-3.70247036e-05	5.35707050e-05
1330            	4.13446924e-02	1.92948118e-02	2.20498805e-02	3.41156124e-04	2.81701437e-04	5.94546870e-05	1.11123375e-04	-1.37753436e-03	-4.63914921e-05	1.63726038e-05	-3.82051902e-05	5.45777940e-05
1340            	4.12703110e-02	1.92606554e-02	2.20096556e-02	3.47150137e-04	2.85808931e-04	6.13412066e-05	1.12233862e-04	-1.37450010e-03	-4.75066111e-05	1.61840940e-05	-3.94145641e-05	5.55986581e-05
1350            	4.11963030e-02	1.92266741e-02	2.19696288e-02	3.53092528e-04	2.89815936e-04	6.32765925e-05	1.13269672e-04	-1.37147735e-03	-4.86329571e-05	1.59351245e-05	-4.06653949e-05	5.66005193e-05
1360            	4.11226700e-02	1.91928782e-02	2.19297918e-02	3.58956964e-04	2.93812264e-04	6.51447005e-05	1.14333782e-04	-1.36845679e-03	-4.97734993e-05	1.57488037e-05	-4.18990974e-05	5.76479011e-05
1370            	4.10493843e-02	1.91591775e-02	2.18902068e-02	3.64812621e-04	2.97766058e-04	6.70465627e-05	1.15359748e-04	-1.36551465e-03	-5.09498184e-05	1.56171596e-05	-4.31412387e-05	5.87583982e-05
1380            	4.09765902e-02	1.91256334e-02	2.18509568e-02	3.70931647e-04	3.01767486e-04	6.91641614e-05	1.16301662e-04	-1.36266170e-03	-5.21542156e-05	1.54455447e-05	-4.44314432e-05	5.98769880e-05
1390            	4.09041849e-02	1.90922454e-02	2.18119395e-02	3.76891214e-04	3.05756278e-04	7.11349363e-05	1.17310671e-04	-1.35984704e-03	-5.33851716e-05	1.52511297e-05	-4.57596068e-05	6.10107365e-05
1400            	4.08319918e-02	1.90589235e-02	2.17730683e-02	3.82582036e-04	3.09718251e-04	7.28637847e-05	1.18427233e-04	-1.35707243e-03	-5.46329479e-05	1.50762441e-05	-4.70948258e-05	6.21710699e-05
1410            	4.07601705e-02	1.90257594e-02	2.17344111e-02	3.88335839e-04	3.13737839e-04	7.45979997e-05	1.19569920e-04	-1.35432588e-03	-5.59102598e-05	1.49878162e-05	-4.84163517e-05	6.34041679e-05
1420            	4.06887639e-02	1.89927721e-02	2.16959918e-02	3.94386932e-04	3.17906689e-04	7.64802422e-05	1.20713224e-04	-1.35160983e-03	-5.71913465e-05	1.48717257e-05	-4.97554836e-05	6.46272093e-05
1430            	4.06177949e-02	1.89599739e-02	2.16578210e-02	4.00419183e-04	3.22152663e-04	7.82665204e-05	1.21943071e-04	-1.34892354e-03	-5.84870453e-05	1.47368163e-05	-5.11186371e-05	6.58554534e-05
1440            	4.05472275e-02	1.89273615e-02	2.16198660e-02	4.06612541e-04	3.26438676e-04	8.01738645e-05	1.23132406e-04	-1.34625225e-03	-5.97983947e-05	1.46199319e-05	-5.24884288e-05	6.71083607e-05
1450            	4.04770193e-02	1.88949005e-02	2.15821188e-02	4.12842726e-04	3.30744310e-04	8.20984156e-05	1.24322947e-04	-1.34360917e-03	-6.11223885e-05	1.45233975e-05	-5.38606898e-05	6.83840873e-05
1460            	4.04071167e-02	1.88625799e-02	2.15445367e-02	4.19051525e-04	3.35053894e-04	8.39976308e-05	1.25528132e-04	-1.34097838e-03	-6.24622016e-05	1.44983071e-05	-5.52130480e-05	6.97113552e-05
1470            	4.03377347e-02	1.88305306e-02	2.15072041e-02	4.25457055e-04	3.39306920e-04	8.61501347e-05	1.26578393e-04	-1.33833674e-03	-6.38323359e-05	1.44065705e-05	-5.66290506e-05	7.10356211e-05
1480            	4.02687059e-02	1.87987433e-02	2.14699626e-02	4.31247399e-04	3.43344685e-04	8.79027141e-05	1.27720986e-04	-1.33560965e-03	-6.52084565e-05	1.42301533e-05	-5.80933798e-05	7.23235332e-05
1490            	4.01999210e-02	1.87671007e-02	2.14328203e-02	4.36703768e-04	3.47218361e-04	8.94854071e-05	1.28866477e-04	-1.33285980e-03	-6.65964995e-05	1.40151122e-05	-5.95889434e-05	7.36040556e-05
1500            	4.01315940e-02	1.87357613e-02	2.13958327e-02	4.42035280e-04	3.50887203e-04	9.11480766e-05	1.29869563e-04	-1.33003573e-03	-6.79774251e-05	1.38226461e-05	-6.10661021e-05	7.48887482e-05
1510            	4.00637514e-02	1.87046365e-02	2.13591149e-02	4.47429314e-04	3.54627416e-04	9.28018977e-05	1.30912759e-04	-1.32723922e-03	-6.93814004e-05	1.36280305e-05	-6.25673852e-05	7.61954156e-05
1520            	3.99963538e-02	1.86736636e-02	2.13226902e-02	4.52888365e-04	3.58430316e-04	9.44580493e-05	1.31986133e-04	-1.32451329e-03	-7.08010459e-05	1.34495664e-05	-6.40762627e-05	7.75258291e-05
1530            	3.99295383e-02	1.86429031e-02	2.12866352e-02	4.58613688e-04	3.62305313e-04	9.63083751e-05	1.32998469e-04	-1.32186608e-03	-7.22321260e-05	1.33112991e-05	-6.55764764e-05	7.88877755e-05
1540            	3.98631325e-02	1.86123287e-02	2.12508037e-02	4.63696169e-04	3.66040445e-04	9.76557238e-05	1.34192361e-04	-1.31923751e-03	-7.36971063e-05	1.30997537e-05	-6.71472294e-05	8.02469831e-05
1550            	3.97971976e-02	1.85820130e-02	2.12151846e-02	4.68199860e-04	3.69573314e-04	9.86265453e-05	1.35473384e-04	-1.31658581e-03	-7.51496969e-05	1.27988104e-05	-6.87502917e-05	8.15491021e-05
1560            	3.97316931e-02	1.85519028e-02	2.11797904e-02	4.72854068e-04	3.73245561e-04	9.96085074e-05	1.36818527e-04	-1.31394379e-03	-7.66459931e-05	1.24888767e-05	-7.04015547e-05	8.28904315e-05
1570            	3.96667277e-02	1.85221319e-02	2.11445958e-02	4.77389095e-04	3.76974209e-04	1.00414886e-04	1.38279661e-04	-1.31123193e-03	-7.81696521e-05	1.21406533e-05	-7.20993254e-05	8.42399787e-05
1580            	3.96018872e-02	1.84922707e-02	2.11096165e-02	4.82395780e-04	3.80829926e-04	1.01565853e-04	1.39632036e-04	-1.30867288e-03	-7.97215437e-05	1.21808301e-05	-7.36311286e-05	8.58119587e-05
1590            	3.95373896e-02	1.84625619e-02	2.10748278e-02	4.87899223e-04	3.84886810e-04	1.03012413e-04	1.40937198e-04	-1.30613294e-03	-8.12655289e-05	1.20824677e-05	-7.52242950e-05	8.73067628e-05
1600            	3.94732005e-02	1.84330290e-02	2.10401715e-02	4.93352072e-04	3.88907579e-04	1.04444493e-04	1.42231543e-04	-1.30357128e-03	-8.28076070e-05	1.19714599e-05	-7.68218771e-05	8.87933370e-05
1610            	3.94094068e-02	1.84037404e-02	2.10056664e-02	4.98507492e-04	3.92696331e-04	1.05811161e-04	1.43442585e-04	-1.30096300e-03	-8.43274537e-05	1.17529094e-05	-7.84509990e-05	9.02039084e-05
1620            	3.93462078e-02	1.83748532e-02	2.09713546e-02	5.03455690e-04	3.96339242e-04	1.07116449e-04	1.44611396e-04	-1.29825070e-03	-8.58322121e-05	1.15624083e-05	-8.00510079e-05	9.16134162e-05
1630            	3.92830637e-02	1.83457282e-02	2.09373355e-02	5.08956754e-04	4.00030184e-04	1.08926570e-04	1.45551807e-04	-1.29580364e-03	-8.73879851e-05	1.19478427e-05	-8.14140638e-05	9.33619064e-05
1640            	3.92208623e-02	1.83170374e-02	2.09038249e-02	5.14352124e-04	4.03505512e-04	1.10846612e-04	1.46329450e-04	-1.29339372e-03	-8.89452911e-05	1.17352352e-05	-8.30776735e-05	9.48129087e-05
1650            	3.91587937e-02	1.82882659e-02	2.08705278e-02	5.20113484e-04	4.07240593e-04	1.12872891e-04	1.47183851e-04	-1.29113093e-03	-9.04327087e-05	1.14875656e-05	-8.46889259e-05	9.61764915e-05
1660            	3.90970206e-02	1.82594064e-02	2.08376142e-02	5.26622023e-04	4.11417477e-04	1.15204546e-04	1.48106465e-04	-1.28910386e-03	-9.19476477e-05	1.10902098e-05	-8.64025428e-05	9.74927526e-05
1670            	3.90357736e-02	1.82307220e-02	2.08050516e-02	5.33630952e-04	4.15823042e-04	1.17807911e-04	1.49007566e-04	-1.28716478e-03	-9.35405683e-05	1.09296667e-05	-8.80757350e-05	9.90054017e-05
1680            	3.89751338e-02	1.82021215e-02	2.07730122e-02	5.41329479e-04	4.20424950e-04	1.20904529e-04	1.49760211e-04	-1.28544534e-03	-9.51564721e-05	1.07112779e-05	-8.98008331e-05	1.00512111e-04
1690            	3.89151216e-02	1.81737800e-02	2.07413415e-02	5.49032584e-04	4.24839995e-04	1.24192589e-04	1.50323703e-04	-1.28378076e-03	-9.67910516e-05	1.01280083e-05	-9.17270474e-05	1.01855056e-04
1700            	3.88553253e-02	1.81456898e-02	2.07096355e-02	5.56355621e-04	4.29200827e-04	1.27154794e-04	1.51023017e-04	-1.28197288e-03	-9.83960119e-05	9.76874883e-06	-9.35116375e-05	1.03280386e-04
1710            	3.87962483e-02	1.81181351e-02	2.06781131e-02	5.62952861e-04	4.33487555e-04	1.29465306e-04	1.52011125e-04	-1.27998899e-03	-9.99642278e-05	9.50906500e-06	-9.52096953e-05	1.04718760e-04
1720            	3.87378604e-02	1.80909613e-02	2.06468991e-02	5.69711498e-04	4.37652594e-04	1.32058904e-04	1.52796845e-04	-1.27796887e-03	-1.01544106e-04	9.18919046e-06	-9.69495105e-05	1.06138701e-04
1730            	3.86798904e-02	1.80639775e-02	2.06159130e-02	5.76733405e-04	4.41831068e-04	1.34902337e-04	1.53464365e-04	-1.27596775e-03	-1.03162335e-04	8.90913820e-06	-9.87077659e-05	1.07616904e-04
1740            	3.86222102e-02	1.80371621e-02	2.05850481e-02	5.83475773e-04	4.46044663e-04	1.37431109e-04	1.54306777e-04	-1.27394298e-03	-1.04772633e-04	8.30877612e-06	-1.00618245e-04	1.08927021e-04
1750            	3.85646188e-02	1.80105084e-02	2.05541104e-02	5.89484612e-04	4.50031936e-04	1.39452676e-04	1.55289630e-04	-1.27180103e-03	-1.06412416e-04	7.92202937e-06	-1.02451401e-04	1.10373430e-04
1760            	3.85073761e-02	1.79840851e-02	2.05232910e-02	5.95082027e-04	4.53980675e-04	1.41101352e-04	1.56439661e-04	-1.26960291e-03	-1.08087469e-04	7.59090103e-06	-1.04292018e-04	1.11882919e-04
1770            	3.84505886e-02	1.79579314e-02	2.04926573e-02	6.00479057e-04	4.57879293e-04	1.42599764e-04	1.57639765e-04	-1.26736296e-03	-1.09745827e-04	7.37934617e-06	-1.06056154e-04	1.13435500e-04
1780            	3.83942746e-02	1.79319749e-02	2.04622997e-02	6.05588533e-04	4.61700040e-04	1.43888493e-04	1.58905774e-04	-1.26516242e-03	-1.11415147e-04	7.17278319e-06	-1.07828755e-04	1.15001538e-04
1790            	3.83381479e-02	1.79060637e-02	2.04320843e-02	6.10426194e-04	4.65512349e-04	1.44913845e-04	1.60299252e-04	-1.26301031e-03	-1.13115904e-04	7.04416877e-06	-1.09593820e-04	1.16637989e-04
1800            	3.82822023e-02	1.78802410e-02	2.04019613e-02	6.15058831e-04	4.69341903e-04	1.45716929e-04	1.61812487e-04	-1.26086018e-03	-1.14844964e-04	6.93582887e-06	-1.11377050e-04	1.18312879e-04
1810            	3.82266362e-02	1.78545696e-02	2.03720666e-02	6.19924673e-04	4.73352060e-04	1.46572613e-04	1.63389723e-04	-1.25874846e-03	-1.16593035e-04	6.86453790e-06	-1.13160767e-04	1.20025304e-04
1820            	3.81715555e-02	1.78290454e-02	2.03425101e-02	6.25154199e-04	4.77645066e-04	1.47509133e-04	1.65067967e-04	-1.25673231e-03	-1.18345802e-04	6.84466703e-06	-1.14923468e-04	1.21768135e-04
1830            	3.81168034e-02	1.78035742e-02	2.03132292e-02	6.30634696e-04	4.82147744e-04	1.48486952e-04	1.66830396e-04	-1.25482748e-03	-1.20131764e-04	6.88502535e-06	-1.16689252e-04	1.23574277e-04
1840            	3.80621627e-02	1.77781119e-02	2.02840508e-02	6.36024000e-04	4.86624886e-04	1.49399114e-04	1.68612886e-04	-1.25296944e-03	-1.21969951e-04	6.90750769e-06	-1.18516197e-04	1.25423705e-04
1850            	3.80077826e-02	1.77529419e-02	2.02548407e-02	6.40385166e-04	4.90401639e-04	1.49983527e-04	1.70209056e-04	-1.25094941e-03	-1.23793031e-04	6.69874013e-06	-1.20443661e-04	1.27142401e-04
1860            	3.79540391e-02	1.77283482e-02	2.02256908e-02	6.43646217e-04	4.93368162e-04	1.50278054e-04	1.71545054e-04	-1.24867131e-03	-1.25545551e-04	6.59335630e-06	-1.22248873e-04	1.28842229e-04
1870            	3.79006137e-02	1.77038849e-02	2.01967288e-02	6.47158517e-04	4.96443751e-04	1.50714765e-04	1.72864493e-04	-1.24642199e-03	-1.27292946e-04	6.51195324e-06	-1.24036969e-04	1.30548922e-04
1880            	3.78476037e-02	1.76795813e-02	2.01680225e-02	6.51023984e-04	4.99914629e-04	1.51109355e-04	1.74402637e-04	-1.24422060e-03	-1.29090709e-04	6.51794274e-06	-1.25831738e-04	1.32349681e-04
1890            	3.77948873e-02	1.76553176e-02	2.01395698e-02	6.54995261e-04	5.03621022e-04	1.51374239e-04	1.76123391e-04	-1.24212612e-03	-1.30887268e-04	6.62348729e-06	-1.27575525e-04	1.34199012e-04
1900            	3.77426264e-02	1.76311997e-02	2.01114267e-02	6.59065590e-04	5.07445994e-04	1.51619596e-04	1.77913199e-04	-1.24011348e-03	-1.32673570e-04	6.65398641e-06	-1.29346577e-04	1.36000563e-04
1910            	3.76909743e-02	1.76072558e-02	2.00837185e-02	6.63398281e-04	5.11405304e-04	1.51992977e-04	1.79706163e-04	-1.23823134e-03	-1.34483647e-04	6.67222290e-06	-1.31147536e-04	1.37819759e-04
1920            	3.76398838e-02	1.75835575e-02	2.00563263e-02	6.67777036e-04	5.15307334e-04	1.52469702e-04	1.81418816e-04	-1.23638439e-03	-1.36308420e-04	6.80721108e-06	-1.32904814e-04	1.39712025e-04
1930            	3.75890343e-02	1.75599622e-02	2.00290721e-02	6.72415573e-04	5.19334268e-04	1.53081305e-04	1.83126482e-04	-1.23455495e-03	-1.38130484e-04	6.89664735e-06	-1.34682160e-04	1.41578808e-04
1940            	3.75384025e-02	1.75363348e-02	2.00020677e-02	6.76979704e-04	5.23385078e-04	1.53594626e-04	1.84895226e-04	-1.23286642e-03	-1.39931806e-04	6.71676390e-06	-1.36573424e-04	1.43290188e-04
1950            	3.74881186e-02	1.75127193e-02	1.99753993e-02	6.81057751e-04	5.27387496e-04	1.53670255e-04	1.86858620e-04	-1.23133997e-03	-1.41748891e-04	6.53234645e-06	-1.38482717e-04	1.45015064e-04
1960            	3.74383234e-02	1.74892973e-02	1.99490261e-02	6.85066203e-04	5.31444315e-04	1.53621888e-04	1.88911214e-04	-1.22986438e-03	-1.43594209e-04	6.34424794e-06	-1.40422085e-04	1.46766333e-04
1970            	3.73887721e-02	1.74658997e-02	1.99228724e-02	6.88319342e-04	5.34889706e-04	1.53429636e-04	1.90730035e-04	-1.22848636e-03	-1.45521257e-04	6.33962165e-06	-1.42351446e-04	1.48691068e-04
1980            	3.73397295e-02	1.74426977e-02	1.98970318e-02	6.90920737e-04	5.37857488e-04	1.53063249e-04	1.92397119e-04	-1.22716702e-03	-1.47434221e-04	6.26007071e-06	-1.44304185e-04	1.50564256e-04
1990            	3.72910632e-02	1.74197106e-02	1.98713526e-02	6.93620947e-04	5.40760842e-04	1.52860104e-04	1.93950369e-04	-1.22582101e-03	-1.49344741e-04	6.22258026e-06	-1.46233451e-04	1.52456031e-04
2000            	3.72427413e-02	1.73969567e-02	1.98457846e-02	6.96255615e-04	5.43768291e-04	1.52487324e-04	1.95640484e-04	-1.22441393e-03	-1.51247895e-04	6.17987818e-06	-1.48157956e-04	1.54337835e-04
