# Force and moment coefficients
# dragDir       : (0.00000000e+00 0.00000000e+00 1.00000000e+00)
# sideDir       : (0.00000000e+00 1.00000000e+00 -0.00000000e+00)
# liftDir       : (-1.00000000e+00 0.00000000e+00 0.00000000e+00)
# rollAxis      : (0.00000000e+00 0.00000000e+00 1.00000000e+00)
# pitchAxis     : (0.00000000e+00 1.00000000e+00 -0.00000000e+00)
# yawAxis       : (-1.00000000e+00 0.00000000e+00 0.00000000e+00)
# magUInf       : 1.00000000e+00
# lRef          : 4.00040000e-02
# Aref          : 2.40048000e-04
# CofR          : (0.00000000e+00 0.00000000e+00 0.00000000e+00)
#
# Time          	Cd              	Cd(f)           	Cd(r)           	Cl              	Cl(f)           	Cl(r)           	CmPitch         	CmRoll          	CmYaw           	Cs              	Cs(f)           	Cs(r)           
10              	1.60249140e+02	8.01197314e+01	8.01294083e+01	5.13367388e-01	-1.25695545e-01	6.39062933e-01	-3.82379239e-01	-4.83844454e-03	-5.98832317e-01	3.97638796e-02	-5.78950377e-01	6.18714257e-01
20              	-2.51204105e+00	-1.29322843e+00	-1.21881262e+00	4.05901277e-01	-3.17863139e-02	4.37687591e-01	-2.34736952e-01	-3.72079053e-02	1.63838329e-02	-5.60639121e-01	-2.63935727e-01	-2.96703393e-01
30              	-1.42272021e+00	-7.15378796e-01	-7.07341419e-01	1.00309894e-02	5.29105595e-02	-4.28795701e-02	4.78950648e-02	-4.01868846e-03	2.15520231e-02	-1.59736560e-01	-5.83162568e-02	-1.01420303e-01
40              	1.08099053e+00	5.31211131e-01	5.49779399e-01	1.94940160e-02	2.33264988e-02	-3.83248275e-03	1.35794908e-02	-9.28413406e-03	4.85928461e-02	-2.57025221e-01	-7.99197644e-02	-1.77105457e-01
50              	1.53152232e+00	7.61568378e-01	7.69953938e-01	2.75481482e-02	1.31244582e-02	1.44236900e-02	-6.49615896e-04	-4.19277968e-03	5.00495645e-02	-2.27488928e-02	3.86751181e-02	-6.14240109e-02
60              	1.56777838e+00	7.87443073e-01	7.80335303e-01	8.55485846e-02	2.73075278e-02	5.82410569e-02	-1.54667645e-02	3.55388491e-03	4.55574179e-02	2.35476225e-01	1.63295530e-01	7.21806947e-02
70              	1.56358555e+00	7.84942816e-01	7.78642736e-01	4.83797809e-02	1.40780822e-02	3.43016987e-02	-1.01118083e-02	3.15004035e-03	1.45797913e-02	2.02575000e-01	1.15867291e-01	8.67077086e-02
80              	1.64510114e+00	8.21900832e-01	8.23200305e-01	2.35096330e-02	6.98940787e-03	1.65202251e-02	-4.76540864e-03	-6.49736778e-04	5.11873152e-03	1.14661761e-01	6.24496122e-02	5.22121491e-02
90              	1.67623427e+00	8.34690769e-01	8.41543505e-01	5.15872632e-04	-2.98436104e-03	3.50023367e-03	-3.24229736e-03	-3.42636767e-03	1.05150997e-02	-2.08754401e-02	7.73796869e-05	-2.09528198e-02
100             	1.70562160e+00	8.45696841e-01	8.59924763e-01	-1.62827731e-02	-1.49899002e-02	-1.29287294e-03	-6.84851361e-03	-7.11396098e-03	1.74464030e-02	-9.29928899e-02	-2.90500419e-02	-6.39428480e-02
110             	1.74191537e+00	8.61906964e-01	8.80008407e-01	-5.60995418e-02	-3.67765637e-02	-1.93229781e-02	-8.72679283e-03	-9.05072132e-03	1.63632288e-02	-8.92976796e-02	-2.82856109e-02	-6.10120686e-02
120             	1.72520580e+00	8.53162710e-01	8.72043090e-01	-7.50129338e-02	-4.30803219e-02	-3.19326119e-02	-5.57385499e-03	-9.44019009e-03	2.74100217e-04	-4.75146495e-02	-2.34832245e-02	-2.40314250e-02
130             	1.68616999e+00	8.32851554e-01	8.53318440e-01	-7.86393277e-02	-4.37734302e-02	-3.48658975e-02	-4.45376637e-03	-1.02334430e-02	-9.04644390e-03	-1.38141589e-02	-1.59535234e-02	2.13936444e-03
140             	1.67344434e+00	8.27734726e-01	8.45709615e-01	-9.59009641e-02	-5.38953650e-02	-4.20055991e-02	-5.94488291e-03	-8.98744424e-03	-9.63394876e-03	-1.39571380e-02	-1.66125177e-02	2.65537977e-03
150             	1.64770367e+00	8.21420792e-01	8.26282878e-01	-8.38377669e-02	-5.52622669e-02	-2.85755000e-02	-1.33433834e-02	-2.43104262e-03	-3.83603695e-03	-8.38718112e-03	-8.02962751e-03	-3.57553611e-04
160             	1.61491287e+00	8.13603644e-01	8.01309230e-01	-4.38958194e-02	-4.36396909e-02	-2.56128492e-04	-2.16917812e-02	6.14720686e-03	4.26287141e-03	-3.83717901e-03	2.34428190e-03	-6.18146091e-03
170             	1.60764479e+00	8.08928955e-01	7.98715833e-01	2.97296336e-03	-2.29636186e-02	2.59365820e-02	-2.44501003e-02	5.10656109e-03	8.30322268e-03	5.97891822e-03	1.12926818e-02	-5.31376357e-03
180             	1.59839747e+00	7.97834537e-01	8.00562936e-01	1.89986681e-02	-8.37918812e-03	2.73778562e-02	-1.78785221e-02	-1.36419943e-03	1.17047361e-02	2.15432590e-02	2.24763656e-02	-9.33106653e-04
190             	1.59867383e+00	8.00769471e-01	7.97904358e-01	-7.02634751e-04	-9.91718435e-03	9.21454960e-03	-9.56586698e-03	1.43255640e-03	1.05591264e-02	6.70564666e-03	1.39119498e-02	-7.20630311e-03
200             	1.59788843e+00	8.00547218e-01	7.97341214e-01	-1.13982673e-02	-9.82164809e-03	-1.57661922e-03	-4.12251443e-03	1.60300204e-03	5.61150923e-03	-5.20593972e-03	3.00853937e-03	-8.21447909e-03
210             	1.60253868e+00	8.02540671e-01	7.99998013e-01	-1.07791601e-02	-6.52721177e-03	-4.25194831e-03	-1.13763173e-03	1.27132882e-03	3.33658425e-03	-5.11589516e-03	7.78636664e-04	-5.89453183e-03
220             	1.59989015e+00	8.00648568e-01	7.99241580e-01	-1.00891444e-02	-5.74206563e-03	-4.34707878e-03	-6.97493428e-04	7.03493938e-04	1.61766707e-03	-3.71957664e-03	-2.42121254e-04	-3.47745539e-03
230             	1.59237772e+00	7.96979689e-01	7.95398033e-01	-1.02403347e-02	-6.25844804e-03	-3.98188661e-03	-1.13828071e-03	7.90827971e-04	6.38086815e-04	-3.42736885e-03	-1.07559761e-03	-2.35177124e-03
240             	1.59688156e+00	7.99059110e-01	7.97822445e-01	-1.06409322e-02	-7.57621416e-03	-3.06471808e-03	-2.25574804e-03	6.18332549e-04	-2.33216463e-04	-2.76384249e-03	-1.61513771e-03	-1.14870478e-03
250             	1.60258315e+00	8.01833258e-01	8.00749890e-01	-9.32000721e-03	-8.33903968e-03	-9.80967529e-04	-3.67903608e-03	5.41683584e-04	-8.93944479e-04	-1.51210586e-03	-1.64999741e-03	1.37891547e-04
260             	1.60951403e+00	8.05192491e-01	8.04321535e-01	-8.51417269e-03	-9.13971362e-03	6.25540931e-04	-4.88262728e-03	4.35478030e-04	-1.51536591e-03	-6.88141336e-04	-1.85943658e-03	1.17129524e-03
270             	1.61583222e+00	8.08295172e-01	8.07537051e-01	-7.40787623e-03	-9.45452519e-03	2.04664896e-03	-5.75058708e-03	3.79060832e-04	-2.10403471e-03	-4.28439734e-04	-2.31825458e-03	1.88981485e-03
280             	1.62123632e+00	8.10959271e-01	8.10277046e-01	-7.34482245e-03	-9.96181373e-03	2.61699129e-03	-6.28940251e-03	3.41112209e-04	-2.46903473e-03	-6.23105303e-04	-2.78058738e-03	2.15748208e-03
290             	1.62581033e+00	8.13218463e-01	8.12591868e-01	-7.42855841e-03	-1.02070184e-02	2.77846000e-03	-6.49273921e-03	3.13297235e-04	-2.59512251e-03	-1.11956132e-03	-3.15490317e-03	2.03534185e-03
300             	1.63025730e+00	8.15413865e-01	8.14843431e-01	-7.87481523e-03	-1.03453324e-02	2.47051713e-03	-6.40792475e-03	2.85216765e-04	-2.53242177e-03	-1.46150671e-03	-3.26317512e-03	1.80166841e-03
310             	1.63467713e+00	8.17582895e-01	8.17094231e-01	-8.17003443e-03	-1.01709851e-02	2.00095062e-03	-6.08596784e-03	2.44332136e-04	-2.38247959e-03	-1.79523976e-03	-3.28009947e-03	1.48485971e-03
320             	1.63911574e+00	8.19760392e-01	8.19355344e-01	-8.42593321e-03	-9.81265722e-03	1.38672402e-03	-5.59969062e-03	2.02524093e-04	-2.24598062e-03	-1.93794942e-03	-3.21495534e-03	1.27700591e-03
330             	1.64348910e+00	8.21901718e-01	8.21587382e-01	-8.60376044e-03	-9.33903546e-03	7.35275020e-04	-5.03715524e-03	1.57167710e-04	-2.20858008e-03	-2.16126244e-03	-3.28921130e-03	1.12794886e-03
340             	1.64764284e+00	8.23943937e-01	8.23698904e-01	-8.78924165e-03	-8.87643647e-03	8.71948235e-05	-4.48181565e-03	1.22516388e-04	-2.30938855e-03	-2.35181364e-03	-3.48529536e-03	1.13348173e-03
350             	1.65168343e+00	8.25939208e-01	8.25744222e-01	-8.96249628e-03	-8.51422517e-03	-4.48271110e-04	-4.03297703e-03	9.74930121e-05	-2.54668993e-03	-2.62218970e-03	-3.85778478e-03	1.23559508e-03
360             	1.65572570e+00	8.27945517e-01	8.27780179e-01	-9.14804407e-03	-8.33157100e-03	-8.16473066e-04	-3.75754897e-03	8.26689446e-05	-2.87352119e-03	-2.86092676e-03	-4.30398457e-03	1.44305781e-03
370             	1.65982958e+00	8.29987258e-01	8.29842318e-01	-9.30140082e-03	-8.31120756e-03	-9.90193265e-04	-3.66050715e-03	7.24700914e-05	-3.23079273e-03	-3.10753247e-03	-4.78455896e-03	1.67702650e-03
380             	1.66395901e+00	8.32047422e-01	8.31911588e-01	-9.41065751e-03	-8.40950847e-03	-1.00114904e-03	-3.70417971e-03	6.79170735e-05	-3.56007716e-03	-3.32171730e-03	-5.22093581e-03	1.89921852e-03
390             	1.66807892e+00	8.34107556e-01	8.33971362e-01	-9.47769695e-03	-8.56482271e-03	-9.12874232e-04	-3.82597424e-03	6.80969667e-05	-3.82311226e-03	-3.51495491e-03	-5.58058972e-03	2.06563481e-03
400             	1.67222097e+00	8.36182943e-01	8.36038025e-01	-9.53481961e-03	-8.72324667e-03	-8.11572940e-04	-3.95583686e-03	7.24591912e-05	-3.99886441e-03	-3.65489021e-03	-5.82630951e-03	2.17141931e-03
410             	1.67637513e+00	8.38268985e-01	8.38106142e-01	-9.61135951e-03	-8.84251981e-03	-7.68839705e-04	-4.03684005e-03	8.14214539e-05	-4.08503262e-03	-3.75336613e-03	-5.96171568e-03	2.20834955e-03
420             	1.68053066e+00	8.40356862e-01	8.40173802e-01	-9.68040223e-03	-8.88056829e-03	-7.99833947e-04	-4.04036717e-03	9.15301321e-05	-4.09712225e-03	-3.83737958e-03	-6.01581204e-03	2.17843246e-03
430             	1.68467143e+00	8.42434487e-01	8.42236946e-01	-9.79173290e-03	-8.85733005e-03	-9.34402854e-04	-3.96146360e-03	9.87702536e-05	-4.06218334e-03	-3.93630138e-03	-6.03033403e-03	2.09403265e-03
440             	1.68878369e+00	8.44492789e-01	8.44290902e-01	-9.95595717e-03	-8.78687739e-03	-1.16907978e-03	-3.80889880e-03	1.00943585e-04	-4.00112228e-03	-4.04739521e-03	-6.02481989e-03	1.97742468e-03
450             	1.69287347e+00	8.46534718e-01	8.46338756e-01	-1.01574632e-02	-8.68229949e-03	-1.47516374e-03	-3.60356788e-03	9.79811261e-05	-3.93485878e-03	-4.17457224e-03	-6.02214490e-03	1.84757266e-03
460             	1.69693729e+00	8.48558692e-01	8.48378597e-01	-1.03890713e-02	-8.55926396e-03	-1.82980732e-03	-3.36472832e-03	9.00471038e-05	-3.88022397e-03	-4.31194406e-03	-6.03619600e-03	1.72425194e-03
470             	1.70097880e+00	8.50568808e-01	8.50409991e-01	-1.06287580e-02	-8.42800630e-03	-2.20075173e-03	-3.11362728e-03	7.94084916e-05	-3.84498608e-03	-4.43600414e-03	-6.06298815e-03	1.62698402e-03
480             	1.70501067e+00	8.52572350e-01	8.52438321e-01	-1.08312374e-02	-8.28651968e-03	-2.54471770e-03	-2.87090099e-03	6.70145028e-05	-3.81916018e-03	-4.55037157e-03	-6.09434596e-03	1.54397439e-03
490             	1.70899037e+00	8.54553491e-01	8.54436877e-01	-1.10159935e-02	-8.15854177e-03	-2.85745175e-03	-2.65054501e-03	5.83067221e-05	-3.79749356e-03	-4.64244667e-03	-6.11871690e-03	1.47627022e-03
500             	1.71292401e+00	8.56520506e-01	8.56403503e-01	-1.11804031e-02	-8.05341779e-03	-3.12698527e-03	-2.46321626e-03	5.85013835e-05	-3.78055752e-03	-4.69824685e-03	-6.12968095e-03	1.43143409e-03
