# Force and moment coefficients
# dragDir       : (1.00000000e+00 0.00000000e+00 0.00000000e+00)
# sideDir       : (0.00000000e+00 1.00000000e+00 0.00000000e+00)
# liftDir       : (0.00000000e+00 0.00000000e+00 1.00000000e+00)
# rollAxis      : (1.00000000e+00 0.00000000e+00 0.00000000e+00)
# pitchAxis     : (0.00000000e+00 1.00000000e+00 0.00000000e+00)
# yawAxis       : (0.00000000e+00 0.00000000e+00 1.00000000e+00)
# magUInf       : 1.00000000e+00
# lRef          : 4.00040000e-02
# Aref          : 3.21484300e-04
# CofR          : (0.00000000e+00 0.00000000e+00 0.00000000e+00)
#
# Time          	Cd              	Cd(f)           	Cd(r)           	Cl              	Cl(f)           	Cl(r)           	CmPitch         	CmRoll          	CmYaw           	Cs              	Cs(f)           	Cs(r)           
10              	5.94111074e+00	2.98261668e+00	2.95849406e+00	-4.76252807e-02	-9.75832831e-03	-3.78669524e-02	1.40543120e-02	1.20613083e-02	3.26745180e-02	-6.91993832e-02	-1.92517362e-03	-6.72742096e-02
20              	-2.10837897e+00	-1.05197417e+00	-1.05640480e+00	-4.61779508e-03	-3.34663555e-04	-4.28313152e-03	1.97423398e-03	2.21531838e-03	4.47851209e-04	-2.15727398e-02	-1.03385187e-02	-1.12342211e-02
30              	4.44035768e-01	2.21930072e-01	2.22105695e-01	5.40903768e-03	2.91879031e-03	2.49024738e-03	2.14271465e-04	-8.78113240e-05	2.60041383e-03	8.65196946e-04	3.03301231e-03	-2.16781536e-03
40              	6.12798320e-01	3.06255296e-01	3.06543024e-01	5.79414255e-03	3.31801870e-03	2.47612385e-03	4.20947428e-04	-1.43864115e-04	4.19305038e-04	7.58806208e-03	4.21333608e-03	3.37472600e-03
50              	4.56280608e-01	2.28714347e-01	2.27566261e-01	1.80213409e-02	6.95450635e-03	1.10668346e-02	-2.05616411e-03	5.74043094e-04	6.21107221e-05	-1.07699008e-03	-4.76384318e-04	-6.00605762e-04
60              	4.11598108e-01	2.05678338e-01	2.05919771e-01	1.74376824e-02	5.49607487e-03	1.19416076e-02	-3.22276634e-03	-1.20716312e-04	5.26710016e-04	-3.58047426e-03	-1.26352712e-03	-2.31694715e-03
70              	3.51909508e-01	1.75113598e-01	1.76795910e-01	1.69300254e-02	5.33267354e-03	1.15973518e-02	-3.13233915e-03	-8.41156137e-04	-8.00450038e-04	3.01498577e-03	7.07042849e-04	2.30794293e-03
80              	3.12310082e-01	1.57619950e-01	1.54690132e-01	1.89300714e-02	7.29771998e-03	1.16323514e-02	-2.16731570e-03	1.46490866e-03	-6.91134157e-04	7.50294804e-03	3.06033986e-03	4.44260818e-03
90              	3.02989150e-01	1.54676399e-01	1.48312751e-01	1.10242400e-02	4.30639875e-03	6.71784129e-03	-1.20572127e-03	3.18182369e-03	-1.16029142e-03	8.44196269e-03	3.06068993e-03	5.38127276e-03
100             	3.14937505e-01	1.60728376e-01	1.54209129e-01	-1.99082985e-03	-8.09573372e-04	-1.18125648e-03	1.85841552e-04	3.25962321e-03	-6.39033191e-04	5.15558180e-03	1.93875771e-03	3.21682409e-03
110             	3.09457844e-01	1.57097013e-01	1.52360831e-01	-4.35793120e-03	3.77164736e-04	-4.73509593e-03	2.55613033e-03	2.36809089e-03	-3.70121328e-04	6.77536264e-04	-3.13531962e-05	7.08889460e-04
120             	2.86653798e-01	1.43548008e-01	1.43105790e-01	-1.12059835e-02	-6.62577107e-04	-1.05434064e-02	4.94041465e-03	2.21109067e-04	-1.20251438e-03	3.04526320e-03	3.20117216e-04	2.72514598e-03
130             	2.61339066e-01	1.28711429e-01	1.32627637e-01	-1.73805542e-02	-1.72862396e-03	-1.56519302e-02	6.96165314e-03	-1.95810384e-03	-1.76373604e-03	5.76576935e-03	1.11914863e-03	4.64662072e-03
140             	2.54887282e-01	1.24904769e-01	1.29982513e-01	-1.27099598e-02	1.31166768e-03	-1.40216275e-02	7.66664759e-03	-2.53887189e-03	-1.59246828e-03	5.69700969e-03	1.25603657e-03	4.44097312e-03
150             	2.53668458e-01	1.25894481e-01	1.27773976e-01	1.35134788e-03	6.20907505e-03	-4.85772717e-03	5.53340111e-03	-9.39747424e-04	-8.59248600e-04	3.90468220e-03	1.09309250e-03	2.81158970e-03
160             	2.53696002e-01	1.29567461e-01	1.24128541e-01	1.90410066e-02	1.18842117e-02	7.15679483e-03	2.36370845e-03	2.71946003e-03	-3.17084801e-04	4.28235618e-03	1.82409329e-03	2.45826289e-03
170             	2.49618830e-01	1.31947215e-01	1.17671615e-01	3.35218293e-02	1.55938100e-02	1.79280192e-02	-1.16710461e-03	7.13780000e-03	7.66194241e-06	3.54033879e-03	1.77783134e-03	1.76250745e-03
180             	2.47836591e-01	1.35087183e-01	1.12749408e-01	2.95590695e-02	1.00789416e-02	1.94801279e-02	-4.70059317e-03	1.11688873e-02	-2.72864943e-04	4.10985551e-03	1.78206281e-03	2.32779270e-03
190             	2.46698390e-01	1.34136324e-01	1.12562066e-01	2.66833753e-02	4.08083234e-03	2.26025430e-02	-9.26085531e-03	1.07871292e-02	-1.96605343e-05	3.58854103e-03	1.77460998e-03	1.81393105e-03
200             	2.42710259e-01	1.26423892e-01	1.16286367e-01	1.95209179e-02	-3.21106314e-03	2.27319811e-02	-1.29715221e-02	5.06876268e-03	6.86111908e-04	2.12424683e-03	1.74823532e-03	3.76011505e-04
210             	2.35503884e-01	1.15489891e-01	1.20013992e-01	-3.97228896e-03	-1.21906513e-02	8.21836235e-03	-1.02045068e-02	-2.26205032e-03	1.22061369e-03	1.54949000e-03	1.99535869e-03	-4.45868692e-04
220             	2.30134165e-01	1.09454916e-01	1.20679248e-01	-1.93087870e-02	-8.25890820e-03	-1.10498788e-02	1.39548529e-03	-5.61216596e-03	1.11562054e-03	3.27932314e-04	1.27958670e-03	-9.51654381e-04
230             	2.26784194e-01	1.12521449e-01	1.14262745e-01	-6.46932918e-03	7.27632901e-03	-1.37456582e-02	1.05109936e-02	-8.70648082e-04	3.78448805e-04	6.61266020e-04	7.09081815e-04	-4.78157951e-05
240             	2.22963331e-01	1.18115695e-01	1.04847636e-01	9.66940810e-03	1.62728821e-02	-6.60347404e-03	1.14381781e-02	6.63402968e-03	-3.35764509e-04	3.15842060e-04	-1.77843479e-04	4.93685539e-04
250             	2.17124543e-01	1.17056554e-01	1.00067989e-01	1.33601567e-02	1.32853340e-02	7.48227146e-05	6.60525562e-03	8.49428278e-03	-1.07977024e-03	2.67199770e-04	-9.46170352e-04	1.21337012e-03
260             	2.11686412e-01	1.12784389e-01	9.89020232e-02	6.49648266e-03	5.73818349e-03	7.58299168e-04	2.48994216e-03	6.94118306e-03	-1.03864355e-03	3.17531795e-03	5.49015421e-04	2.62630253e-03
270             	2.09000357e-01	1.10386725e-01	9.86136315e-02	-1.36795075e-02	-4.81279623e-03	-8.86671131e-03	2.02695754e-03	5.88654678e-03	-2.23894733e-04	3.50541750e-03	1.52881402e-03	1.97660348e-03
280             	2.04944963e-01	1.05447549e-01	9.94974145e-02	-2.18118391e-02	-1.06352285e-02	-1.11766106e-02	2.70691089e-04	2.97506706e-03	5.61625440e-05	-8.76103486e-04	-3.81889199e-04	-4.94214287e-04
290             	2.03026739e-01	1.02071857e-01	1.00954882e-01	-4.93969492e-03	-4.94802280e-03	8.32787954e-06	-2.47817534e-03	5.58487762e-04	-1.45151522e-04	-4.42355291e-03	-2.35692798e-03	-2.06662493e-03
300             	1.99892178e-01	1.01126235e-01	9.87659439e-02	9.40058398e-03	1.92821951e-03	7.47236447e-03	-2.77207248e-03	1.18014532e-03	5.43776055e-05	-7.05778020e-03	-3.47451249e-03	-3.58326770e-03
310             	1.98892718e-01	1.02040628e-01	9.68520900e-02	6.36881757e-03	1.35787614e-03	5.01094143e-03	-1.82653264e-03	2.59426919e-03	4.87455468e-04	-8.20154432e-03	-3.61331669e-03	-4.58822763e-03
320             	1.95738804e-01	1.01723110e-01	9.40156945e-02	-1.71296389e-03	-6.37484460e-04	-1.07547943e-03	2.18997483e-04	3.85370758e-03	8.53969878e-04	-6.01417801e-03	-2.15311913e-03	-3.86105888e-03
330             	1.90057479e-01	9.93546868e-02	9.07027926e-02	2.11220436e-03	3.29766874e-03	-1.18546438e-03	2.24156656e-03	4.32594709e-03	1.25167015e-03	-3.68174012e-03	-5.89199911e-04	-3.09254021e-03
340             	1.85803519e-01	9.70154138e-02	8.87881052e-02	6.88286476e-03	4.27728961e-03	2.60557515e-03	8.35857227e-04	4.11365427e-03	1.02076246e-03	-4.16397151e-03	-1.06122330e-03	-3.10274822e-03
350             	1.82041775e-01	9.56463724e-02	8.63954029e-02	1.22239185e-02	5.64219183e-03	6.58172671e-03	-4.69767443e-04	4.62548472e-03	3.38945111e-04	-4.31658830e-03	-1.81934904e-03	-2.49723926e-03
360             	1.79614333e-01	9.42986103e-02	8.53157226e-02	2.08384897e-02	1.13752444e-02	9.46324532e-03	9.55999546e-04	4.49144386e-03	1.38569629e-04	-3.36949598e-03	-1.54617836e-03	-1.82331762e-03
370             	1.75104767e-01	8.98286057e-02	8.52761609e-02	2.19097974e-02	1.24049005e-02	9.50489688e-03	1.45000180e-03	2.27622242e-03	1.35962226e-04	-3.52839440e-03	-1.62823498e-03	-1.90015943e-03
380             	1.68635506e-01	8.50402212e-02	8.35952852e-02	1.03432495e-02	4.80349950e-03	5.53975000e-03	-3.68125250e-04	7.22468012e-04	-2.26669028e-04	-2.81687960e-03	-1.63510883e-03	-1.18177077e-03
390             	1.63722219e-01	8.28379390e-02	8.08842804e-02	-1.96104752e-03	-1.72172776e-03	-2.39319757e-04	-7.41204001e-04	9.76829285e-04	-5.03339906e-04	-1.98967785e-03	-1.49817883e-03	-4.91499021e-04
400             	1.60593285e-01	8.10213726e-02	7.95719119e-02	-4.35315564e-03	-1.73937211e-03	-2.61378354e-03	4.37205715e-04	7.24730347e-04	-3.43185770e-04	-1.05455130e-03	-8.70461421e-04	-1.84089882e-04
410             	1.57776565e-01	7.75648719e-02	8.02116931e-02	-6.49907076e-03	-3.97876094e-03	-2.52030982e-03	-7.29225557e-04	-1.32341062e-03	-2.45660872e-04	1.23911573e-04	-1.83705085e-04	3.07616658e-04
420             	1.54482199e-01	7.43267056e-02	8.01554938e-02	-9.75790940e-03	-7.96746095e-03	-1.79044845e-03	-3.08850625e-03	-2.91439410e-03	-4.69250562e-04	2.00546647e-03	5.33482671e-04	1.47198380e-03
430             	1.51472146e-01	7.35196405e-02	7.79525056e-02	-1.13750296e-02	-1.03299906e-02	-1.04503902e-03	-4.64247578e-03	-2.21643255e-03	-5.97534343e-04	2.80425995e-03	8.04595634e-04	1.99966432e-03
440             	1.49446173e-01	7.43425411e-02	7.51036316e-02	-9.27256186e-03	-9.22482910e-03	-4.77327567e-05	-4.58854817e-03	-3.80545241e-04	-6.53698932e-04	2.46784966e-03	5.80225897e-04	1.88762376e-03
450             	1.46896441e-01	7.50441034e-02	7.18523377e-02	-5.13364972e-03	-5.94390038e-03	8.10250667e-04	-3.37707553e-03	1.59588285e-03	-5.71228318e-04	2.69258874e-03	7.75066051e-04	1.91752269e-03
460             	1.44286361e-01	7.45509929e-02	6.97353678e-02	-2.75520607e-03	-1.76576516e-03	-9.89440908e-04	-3.88162128e-04	2.40781256e-03	-2.59722431e-04	3.53836691e-03	1.50946103e-03	2.02890589e-03
470             	1.42811845e-01	7.38137750e-02	6.89980697e-02	4.11521695e-06	2.71149372e-03	-2.70737850e-03	2.70943611e-03	2.40785267e-03	-6.58496117e-05	3.34312610e-03	1.60571344e-03	1.73741266e-03
480             	1.41111793e-01	7.22095246e-02	6.89022680e-02	4.90483036e-03	6.93242014e-03	-2.02758979e-03	4.48000497e-03	1.65362831e-03	-2.56273280e-04	2.61661800e-03	1.05203572e-03	1.56458228e-03
490             	1.37874165e-01	6.84547539e-02	6.94194113e-02	4.69522875e-03	6.76502197e-03	-2.06979322e-03	4.41740760e-03	-4.82328696e-04	-3.75907539e-04	1.80051991e-03	5.24352416e-04	1.27616749e-03
500             	1.35554338e-01	6.55032563e-02	7.00510818e-02	2.00686594e-03	4.24818783e-03	-2.24132189e-03	3.24475486e-03	-2.27391275e-03	-3.64153812e-04	1.07564694e-03	1.73669659e-04	9.01977283e-04
510             	1.33543948e-01	6.41710598e-02	6.93728878e-02	-2.55860422e-03	-2.23872865e-04	-2.33473135e-03	1.05542924e-03	-2.60091400e-03	-2.07550475e-04	2.07043001e-03	8.27664531e-04	1.24276548e-03
520             	1.30112919e-01	6.38601802e-02	6.62527386e-02	-9.07871300e-03	-5.48434009e-03	-3.59437291e-03	-9.44983586e-04	-1.19627923e-03	-3.10087149e-05	3.21129067e-03	1.57463662e-03	1.63665405e-03
530             	1.24668296e-01	6.24512723e-02	6.22170238e-02	-7.87761537e-03	-5.02141155e-03	-2.85620382e-03	-1.08260387e-03	1.17124238e-04	-5.80028502e-05	3.67682482e-03	1.78040956e-03	1.89641526e-03
540             	1.20102412e-01	5.91632908e-02	6.09391214e-02	2.07917696e-03	6.30883292e-04	1.44829367e-03	-4.08705187e-04	-8.87915310e-04	-1.39986634e-04	3.65991021e-03	1.68996847e-03	1.96994174e-03
550             	1.16935978e-01	5.54982030e-02	6.14377755e-02	1.24473077e-02	6.04437875e-03	6.40292892e-03	-1.79275087e-04	-2.96978629e-03	-9.39656918e-05	2.60038744e-03	1.20622803e-03	1.39415941e-03
560             	1.15496064e-01	5.35492664e-02	6.19467978e-02	1.74121751e-02	8.62388645e-03	8.78828863e-03	-8.22010872e-05	-4.19876572e-03	1.13435014e-04	1.21184266e-04	1.74027147e-04	-5.28428811e-05
570             	1.15710227e-01	5.41899731e-02	6.15202541e-02	1.11311113e-02	5.84819600e-03	5.28291529e-03	2.82640353e-04	-3.66514048e-03	1.45443133e-04	-1.95242393e-03	-8.30768829e-04	-1.12165510e-03
580             	1.16009617e-01	5.63646334e-02	5.96449838e-02	-2.86912778e-03	6.91419524e-06	-2.87604197e-03	1.44147808e-03	-1.64017519e-03	-1.92644415e-05	-2.09391883e-03	-1.06622386e-03	-1.02769498e-03
590             	1.15021180e-01	5.71161491e-02	5.79050309e-02	-9.73843114e-03	-2.97611451e-03	-6.76231664e-03	1.89310107e-03	-3.94440865e-04	-1.45174513e-04	-8.87186185e-04	-5.88767606e-04	-2.98418579e-04
600             	1.13036932e-01	5.66002351e-02	5.64366968e-02	-6.23281294e-03	-2.28374463e-03	-3.94906831e-03	8.32661839e-04	8.17691814e-05	-2.77651591e-04	1.05674804e-03	2.50722428e-04	8.06025610e-04
610             	1.10681734e-01	5.48979400e-02	5.57837941e-02	-3.55834522e-03	-1.72396524e-03	-1.83437997e-03	5.52073631e-05	-4.42927035e-04	-3.10025577e-04	3.22582690e-03	1.30288787e-03	1.92293903e-03
620             	1.07820645e-01	5.20591336e-02	5.57615110e-02	-3.16199924e-03	-1.16018641e-03	-2.00181283e-03	4.20813209e-04	-1.85118869e-03	-3.80116621e-04	4.22143152e-03	1.73059914e-03	2.49083238e-03
630             	1.05831863e-01	5.02191669e-02	5.56126960e-02	-1.59980101e-03	1.22852873e-04	-1.72265389e-03	9.22753380e-04	-2.69676455e-03	-4.95865486e-04	3.58627148e-03	1.29727025e-03	2.28900122e-03
640             	1.04324333e-01	4.98894937e-02	5.44348389e-02	1.03494669e-03	5.99923427e-04	4.35023262e-04	8.24500826e-05	-2.27267260e-03	-4.96848952e-04	2.66393663e-03	8.35119363e-04	1.82881727e-03
650             	1.02513312e-01	4.96167345e-02	5.28965776e-02	-2.92848182e-04	-1.54187804e-03	1.24902986e-03	-1.39545395e-03	-1.63992158e-03	-5.21714843e-04	2.08463914e-03	5.20604727e-04	1.56403441e-03
660             	1.01726834e-01	4.91269535e-02	5.25998807e-02	-1.75939926e-03	-2.92621858e-03	1.16681932e-03	-2.04651895e-03	-1.73646361e-03	-4.76458810e-04	1.22805063e-03	1.37566503e-04	1.09048412e-03
670             	1.01496004e-01	4.83193114e-02	5.31766922e-02	-1.55800312e-03	-2.57257786e-03	1.01457474e-03	-1.79357630e-03	-2.42869039e-03	-3.34537974e-04	4.63314515e-04	-1.02880717e-04	5.66195232e-04
680             	1.00954862e-01	4.73303251e-02	5.36245365e-02	9.25130734e-04	-2.49199237e-04	1.17432997e-03	-7.11764604e-04	-3.14710570e-03	-3.92149246e-05	-1.17474990e-04	-9.79524197e-05	-1.95225705e-05
690             	9.99439464e-02	4.66672151e-02	5.32767313e-02	2.72705482e-03	2.07326836e-03	6.53786457e-04	7.09740951e-04	-3.30475807e-03	2.20726076e-04	-7.83387653e-04	-1.70967751e-04	-6.12419902e-04
700             	9.86175500e-02	4.66468145e-02	5.19707355e-02	-1.16145464e-03	8.05667967e-04	-1.96712261e-03	1.38639529e-03	-2.66196053e-03	1.67495519e-04	-4.14694726e-04	-3.98518437e-05	-3.74842882e-04
710             	9.66686508e-02	4.69955591e-02	4.96730917e-02	-6.50529193e-03	-2.17537089e-03	-4.32992104e-03	1.07727507e-03	-1.33876631e-03	-1.23887309e-04	9.56897499e-04	3.54561440e-04	6.02336059e-04
720             	9.42186496e-02	4.71292460e-02	4.70894036e-02	-4.70500455e-03	-2.17440936e-03	-2.53059519e-03	1.78092917e-04	1.99211844e-05	-3.11694797e-04	1.94066992e-03	6.58640163e-04	1.28202976e-03
730             	9.18320807e-02	4.65304813e-02	4.53015994e-02	5.32637414e-04	-2.71918500e-04	8.04555914e-04	-5.38237207e-04	6.14440956e-04	-2.14784565e-04	2.07154139e-03	8.20986132e-04	1.25055526e-03
740             	8.95727202e-02	4.52227751e-02	4.43499451e-02	1.84451388e-03	6.38287093e-05	1.78068517e-03	-8.58428229e-04	4.36414974e-04	1.02306535e-04	1.61884302e-03	9.11728043e-04	7.07114973e-04
750             	8.77199879e-02	4.37826257e-02	4.39373622e-02	1.10895124e-03	-2.25094820e-04	1.33404606e-03	-7.79570440e-04	-7.73682283e-05	3.00732169e-04	1.11596970e-03	8.58717018e-04	2.57252679e-04
760             	8.70076930e-02	4.29849695e-02	4.40227235e-02	-1.97297952e-03	-1.31186043e-03	-6.61119090e-04	-3.25370671e-04	-5.18876992e-04	1.76485537e-04	1.02760236e-03	6.90286717e-04	3.37315643e-04
770             	8.71030005e-02	4.25265501e-02	4.45764504e-02	-5.64687985e-03	-2.80244629e-03	-2.84443357e-03	2.09936419e-05	-1.02495018e-03	-6.11312630e-05	9.97678686e-04	4.37708080e-04	5.59970606e-04
780             	8.74424138e-02	4.23626734e-02	4.50797404e-02	-6.30655709e-03	-3.43407374e-03	-2.87248335e-03	-2.80795193e-04	-1.35853350e-03	-2.20860567e-04	6.73848540e-04	1.16063703e-04	5.57784838e-04
790             	8.73166862e-02	4.21630395e-02	4.51536467e-02	-4.28554368e-03	-3.32490070e-03	-9.60642977e-04	-1.18212886e-03	-1.49530357e-03	-3.45603725e-04	1.01189019e-03	1.60341371e-04	8.51548822e-04
800             	8.58359131e-02	4.11550747e-02	4.46808384e-02	1.04490906e-04	-1.79484671e-03	1.89933762e-03	-1.84709217e-03	-1.76288185e-03	-3.83455355e-04	1.92761853e-03	5.80353911e-04	1.34726462e-03
810             	8.43372463e-02	4.08126932e-02	4.35245531e-02	1.82213991e-03	-9.77612927e-04	2.79975284e-03	-1.88868288e-03	-1.35592995e-03	-2.44493059e-04	2.27680313e-03	8.93908504e-04	1.38289462e-03
820             	8.32814766e-02	4.12770399e-02	4.20044367e-02	-1.31799756e-03	-1.33908059e-03	2.10830351e-05	-6.80081813e-04	-3.63698437e-04	-2.13678246e-05	1.23817027e-03	5.97717311e-04	6.40452960e-04
830             	8.23339575e-02	4.13071889e-02	4.10267687e-02	-2.42235238e-03	-1.79596356e-04	-2.24275602e-03	1.03157983e-03	1.40210097e-04	1.05734679e-04	-4.29733858e-04	-1.09132250e-04	-3.20601608e-04
840             	8.17653003e-02	4.10599381e-02	4.07053623e-02	-7.64871404e-04	9.77375398e-04	-1.74224680e-03	1.35981110e-03	1.77287890e-04	1.85130973e-04	-1.51140769e-03	-5.70572872e-04	-9.40834818e-04
850             	8.11397094e-02	4.05569599e-02	4.05827495e-02	-1.90592807e-03	-4.40795193e-04	-1.46513288e-03	5.12168842e-04	-1.28948130e-05	2.17641046e-04	-1.67409522e-03	-6.19406563e-04	-1.05468866e-03
860             	8.01914935e-02	3.98495252e-02	4.03419683e-02	-4.94356090e-03	-3.23347472e-03	-1.71008618e-03	-7.61694269e-04	-2.46221522e-04	1.91368965e-04	-1.34084471e-03	-4.79053392e-04	-8.61791322e-04
870             	7.83710469e-02	3.94219913e-02	3.89490556e-02	-5.70912993e-03	-4.54595822e-03	-1.16317171e-03	-1.69139326e-03	2.36467855e-04	1.71509279e-04	-1.05390091e-03	-3.55441176e-04	-6.98459735e-04
880             	7.69153770e-02	3.95006573e-02	3.74147197e-02	-4.68663098e-03	-3.74834728e-03	-9.38283698e-04	-1.40503179e-03	1.04296881e-03	4.93666111e-05	-9.01818805e-04	-4.01542791e-04	-5.00276013e-04
890             	7.68126014e-02	3.93531761e-02	3.74594253e-02	-2.11628858e-03	-1.46889418e-03	-6.47394397e-04	-4.10749891e-04	9.46875419e-04	-8.43854488e-05	-4.13383927e-04	-2.91077412e-04	-1.22306515e-04
900             	7.73910941e-02	3.88676468e-02	3.85234473e-02	2.50054094e-04	3.34623706e-04	-8.45696121e-05	2.09596659e-04	1.72099746e-04	-1.04920624e-04	3.22634625e-04	5.63966885e-05	2.66237936e-04
910             	7.74129229e-02	3.82299376e-02	3.91829853e-02	1.70331508e-04	6.72955306e-04	-5.02623798e-04	5.87789552e-04	-4.76523850e-04	-2.05097403e-05	7.28232524e-04	3.43606522e-04	3.84626002e-04
920             	7.70667290e-02	3.79583751e-02	3.91083539e-02	-1.35179489e-04	7.36219881e-04	-8.71399370e-04	8.03809626e-04	-5.74989364e-04	5.26990326e-05	1.00616563e-03	5.55781847e-04	4.50383782e-04
930             	7.66775803e-02	3.81506127e-02	3.85269676e-02	1.68803086e-03	9.28165384e-04	7.59865476e-04	8.41499540e-05	-1.88177477e-04	4.53681989e-05	1.38311349e-03	7.36924946e-04	6.46188548e-04
940             	7.60054902e-02	3.77374019e-02	3.82680882e-02	2.41542883e-03	5.04982500e-04	1.91044633e-03	-7.02731914e-04	-2.65343157e-04	-1.54613143e-05	1.30341185e-03	6.36244610e-04	6.67167238e-04
950             	7.53754849e-02	3.72599454e-02	3.81155394e-02	9.38390016e-04	-6.24201750e-05	1.00081019e-03	-5.31615183e-04	-4.27797006e-04	-3.22316619e-05	9.18603914e-04	4.27070295e-04	4.91533619e-04
960             	7.48350390e-02	3.71564304e-02	3.76786087e-02	-1.96475586e-03	-8.51643352e-04	-1.11311251e-03	1.30734578e-04	-2.61089147e-04	4.52665554e-05	4.11058321e-04	2.50795716e-04	1.60262605e-04
970             	7.43861575e-02	3.72241603e-02	3.71619971e-02	-4.24586938e-03	-1.61284187e-03	-2.63302751e-03	5.10092822e-04	3.10815962e-05	1.06109379e-04	-2.06302277e-04	2.95824041e-06	-2.09260517e-04
980             	7.37269401e-02	3.70609621e-02	3.66659780e-02	-3.22551007e-03	-8.14109663e-04	-2.41140040e-03	7.98645371e-04	1.97492025e-04	1.16995867e-04	-7.48272715e-04	-2.57140491e-04	-4.91132224e-04
990             	7.25473730e-02	3.66438909e-02	3.59034821e-02	-5.54380042e-06	6.06623031e-04	-6.12166831e-04	6.09394931e-04	3.70204396e-04	7.07268256e-05	-7.08073693e-04	-2.83310021e-04	-4.24763672e-04
1000            	7.15444872e-02	3.62939611e-02	3.52505261e-02	5.95530893e-04	1.04743970e-04	4.90786923e-04	-1.93021477e-04	5.21717516e-04	6.19011810e-05	-4.64812586e-04	-1.70505112e-04	-2.94307474e-04
1010            	7.11445324e-02	3.61099403e-02	3.50345921e-02	-8.44033942e-04	-1.18222538e-03	3.38191441e-04	-7.60208412e-04	5.37674074e-04	1.38928317e-04	-4.77023490e-04	-9.95834276e-05	-3.77440062e-04
1020            	7.10405204e-02	3.60282968e-02	3.50122236e-02	-3.92145462e-04	-9.81051132e-04	5.88905670e-04	-7.84978401e-04	5.08036613e-04	2.49473631e-04	-6.15403202e-04	-5.82279697e-05	-5.57175233e-04
1030            	7.09870454e-02	3.60206668e-02	3.49663786e-02	1.62525453e-04	-4.56858724e-04	6.19384177e-04	-5.38121451e-04	5.27144081e-04	2.60322358e-04	-7.10093865e-04	-9.47245746e-05	-6.15369291e-04
1040            	7.08165028e-02	3.59239723e-02	3.48925305e-02	-1.48391580e-03	-7.43457564e-04	-7.40458235e-04	-1.49966440e-06	5.15720929e-04	2.04353411e-04	-7.95682944e-04	-1.93488061e-04	-6.02194884e-04
1050            	7.03688348e-02	3.52246819e-02	3.51441529e-02	-3.29172195e-03	-8.81108152e-04	-2.41061380e-03	7.64752823e-04	4.02645162e-05	1.80666437e-04	-7.16840934e-04	-1.77754030e-04	-5.39086904e-04
1060            	6.94449323e-02	3.42664247e-02	3.51785077e-02	-2.20385553e-03	-9.00217321e-05	-2.11383380e-03	1.01190603e-03	-4.56041500e-04	2.25544850e-04	-5.41039314e-04	-4.49748067e-05	-4.96064507e-04
1070            	6.87518364e-02	3.39946485e-02	3.47571879e-02	5.36143517e-04	6.78920096e-04	-1.42776579e-04	4.10848338e-04	-3.81269661e-04	2.36891985e-04	-1.21330974e-04	1.76226499e-04	-2.97557472e-04
1080            	6.85436923e-02	3.44451242e-02	3.40985681e-02	1.50615666e-03	2.79135178e-04	1.22702149e-03	-4.73943154e-04	1.73278080e-04	2.22990476e-04	2.98128178e-04	3.72054565e-04	-7.39263875e-05
1090            	6.82714523e-02	3.46251731e-02	3.36462792e-02	1.88902005e-03	3.95663405e-04	1.49335664e-03	-5.48846618e-04	4.89446938e-04	1.82169631e-04	4.93055906e-04	4.28697584e-04	6.43583217e-05
1100            	6.78535377e-02	3.44375475e-02	3.34159902e-02	2.20339873e-03	9.19985870e-04	1.28341286e-03	-1.81713494e-04	5.10778684e-04	1.25456732e-04	5.83849701e-04	4.17381582e-04	1.66468119e-04
1110            	6.77169381e-02	3.43934076e-02	3.33235305e-02	6.60095597e-04	4.96520010e-04	1.63575587e-04	1.66472211e-04	5.34938589e-04	8.88916327e-05	3.98106689e-04	2.87944977e-04	1.10161712e-04
1120            	6.77861462e-02	3.43309846e-02	3.34551617e-02	-7.42082409e-04	2.50199496e-04	-9.92281905e-04	6.21240700e-04	4.37911444e-04	3.38696779e-05	4.73154124e-05	5.75273841e-05	-1.02119717e-05
1130            	6.74930108e-02	3.42346503e-02	3.32583606e-02	-1.37861389e-03	-5.81072552e-05	-1.32050664e-03	6.31199691e-04	4.88144865e-04	-2.12008547e-05	-1.19290234e-04	-8.08459715e-05	-3.84442622e-05
1140            	6.69314940e-02	3.41468916e-02	3.27846024e-02	-1.65292139e-03	-7.42392070e-04	-9.10529315e-04	8.40686226e-05	6.81144566e-04	1.90774745e-05	1.32190394e-06	1.97384264e-05	-1.84165225e-05
1150            	6.64875409e-02	3.39590395e-02	3.25285015e-02	-1.26361691e-03	-1.25707520e-03	-6.54171060e-06	-6.25266746e-04	7.15269011e-04	1.31968148e-04	-1.99853814e-04	3.20412410e-05	-2.31895055e-04
1160            	6.61700467e-02	3.36444297e-02	3.25256169e-02	-7.93425072e-04	-1.55617816e-03	7.62753092e-04	-1.15946563e-03	5.59406391e-04	1.98441028e-04	-4.59879796e-04	-3.14988696e-05	-4.28380926e-04
1170            	6.58049908e-02	3.32629478e-02	3.25420430e-02	-4.64456624e-04	-1.29444304e-03	8.29986418e-04	-1.06221473e-03	3.60452404e-04	1.91273275e-04	-5.12486184e-04	-6.49698177e-05	-4.47516367e-04
1180            	6.55408952e-02	3.30467584e-02	3.24941367e-02	-6.58416938e-04	-6.24815024e-04	-3.36019144e-05	-2.95606555e-04	2.76310850e-04	7.88646274e-05	-4.62923497e-04	-1.52597121e-04	-3.10326376e-04
1190            	6.51672462e-02	3.27891690e-02	3.23780772e-02	-4.13469244e-05	5.72495863e-04	-6.13842787e-04	5.93169325e-04	2.05545862e-04	-4.55291483e-06	-3.59739104e-04	-1.84422467e-04	-1.75316637e-04
1200            	6.45443379e-02	3.22719805e-02	3.22723575e-02	3.34860073e-04	8.83293400e-04	-5.48433327e-04	7.15863363e-04	-1.88486385e-07	3.52803962e-05	-1.70928636e-04	-5.01839217e-05	-1.20744714e-04
1210            	6.39887951e-02	3.17797104e-02	3.22090847e-02	-5.57455436e-04	-1.64025449e-04	-3.93429987e-04	1.14702269e-04	-2.14687146e-04	1.30592392e-04	8.75300909e-05	1.74357437e-04	-8.68273461e-05
1220            	6.39152718e-02	3.17287421e-02	3.21865297e-02	-1.05070930e-03	-8.86139919e-04	-1.64569378e-04	-3.60785270e-04	-2.28893805e-04	1.88253381e-04	2.68231910e-04	3.22369336e-04	-5.41374263e-05
1230            	6.39145766e-02	3.18482168e-02	3.20663598e-02	-5.00461144e-04	-6.99462282e-04	1.99001138e-04	-4.49231710e-04	-1.09071509e-04	1.81510661e-04	3.60626386e-04	3.61823854e-04	-1.19746805e-06
1240            	6.38831987e-02	3.21041954e-02	3.17790033e-02	1.51152408e-03	5.69476894e-04	9.42047184e-04	-1.86285145e-04	1.62596067e-04	1.16267625e-04	4.41145336e-04	3.36840293e-04	1.04305043e-04
1250            	6.38071555e-02	3.21737194e-02	3.16334361e-02	2.49794931e-03	1.42105847e-03	1.07689084e-03	1.72083813e-04	2.70141637e-04	8.06694434e-05	3.74548876e-04	2.67943881e-04	1.06604994e-04
1260            	6.38025609e-02	3.20162514e-02	3.17863095e-02	1.37930443e-04	6.90703041e-04	-5.52772599e-04	6.21737820e-04	1.14970923e-04	3.69408190e-05	3.39539558e-04	2.06710598e-04	1.32828960e-04
1270            	6.36349970e-02	3.18448892e-02	3.17901078e-02	-2.31582573e-03	-3.17643305e-04	-1.99818242e-03	8.40269560e-04	2.73907144e-05	-1.02362116e-05	2.82472901e-04	1.31000239e-04	1.51472662e-04
1280            	6.33141225e-02	3.17601397e-02	3.15539829e-02	-2.46142096e-03	-8.20770974e-04	-1.64064999e-03	4.09939507e-04	1.03078406e-04	-4.43795896e-05	1.40670990e-04	2.59559057e-05	1.14715085e-04
1290            	6.29339053e-02	3.15501332e-02	3.13837720e-02	-1.37187120e-03	-9.40921244e-04	-4.30949958e-04	-2.54985643e-04	8.31805963e-05	-2.83569772e-07	-6.98839394e-05	-3.52255395e-05	-3.46583999e-05
1300            	6.26089404e-02	3.12510378e-02	3.13579026e-02	-3.19690339e-04	-9.80946873e-04	6.61256533e-04	-8.21101703e-04	-5.34324150e-05	6.39440236e-05	-1.51238167e-04	-1.16750598e-05	-1.39563107e-04
1310            	6.22159006e-02	3.09021300e-02	3.13137707e-02	3.17412225e-04	-8.55896002e-04	1.17330823e-03	-1.01460211e-03	-2.05820351e-04	9.99290374e-05	-7.99683036e-05	5.99448856e-05	-1.39913189e-04
1320            	6.18333689e-02	3.05807519e-02	3.12526170e-02	1.24764996e-03	5.01336346e-05	1.19751632e-03	-5.73691343e-04	-3.35932574e-04	1.29851168e-04	-1.21697350e-04	6.90024928e-05	-1.90699843e-04
1330            	6.17901270e-02	3.06195788e-02	3.11705482e-02	1.55066692e-03	8.40397068e-04	7.10269851e-04	6.50636086e-05	-2.75484678e-04	1.27350038e-04	-1.69456875e-04	4.26216006e-05	-2.12078476e-04
1340            	6.17788764e-02	3.07636564e-02	3.10152200e-02	7.45532938e-04	9.05050533e-04	-1.59517595e-04	5.32284064e-04	-1.25781775e-04	1.11606438e-04	-1.75277523e-04	2.39676760e-05	-1.99245199e-04
1350            	6.15368962e-02	3.06787275e-02	3.08581687e-02	-6.65317992e-04	2.42385957e-04	-9.07703950e-04	5.75044954e-04	-8.97205999e-05	9.90662589e-05	-1.56618244e-04	2.07571370e-05	-1.77375381e-04
1360            	6.13504985e-02	3.04810546e-02	3.08694439e-02	-2.05190325e-03	-9.40721368e-04	-1.11118188e-03	8.52302560e-05	-1.94194699e-04	1.09352972e-04	-2.22828331e-04	-2.06119325e-06	-2.20767138e-04
1370            	6.13067585e-02	3.03496539e-02	3.09571045e-02	-1.93015887e-03	-1.40356741e-03	-5.26591460e-04	-4.38487974e-04	-3.03725293e-04	1.26472068e-04	-2.06103440e-04	2.34203478e-05	-2.29523788e-04
1380            	6.13273792e-02	3.03528112e-02	3.09745680e-02	-4.04762951e-04	-7.91169649e-04	3.86406698e-04	-5.88788174e-04	-3.10878389e-04	1.23085300e-04	7.10094873e-05	1.58590043e-04	-8.75805561e-05
1390            	6.12276403e-02	3.03785486e-02	3.08490917e-02	1.42993748e-03	3.40129327e-04	1.08980815e-03	-3.74839413e-04	-2.35271545e-04	1.20854255e-04	3.34742049e-04	2.88225280e-04	4.65167693e-05
1400            	6.11606542e-02	3.03870340e-02	3.07736202e-02	1.97913393e-03	1.00378178e-03	9.75352154e-04	1.42148113e-05	-1.93293087e-04	1.47115358e-04	2.90934068e-04	2.92582392e-04	-1.64832397e-06
1410            	6.11082336e-02	3.03974677e-02	3.07107659e-02	1.16515841e-03	9.80547425e-04	1.84610989e-04	3.97968218e-04	-1.56649145e-04	1.40507169e-04	1.02746733e-04	1.91880536e-04	-8.91338028e-05
1420            	6.10210238e-02	3.04206849e-02	3.06003389e-02	6.28952290e-04	9.33981372e-04	-3.05029082e-04	6.19505227e-04	-8.98270426e-05	8.14019019e-05	-1.46355758e-05	7.40841140e-05	-8.87196897e-05
1430            	6.08432617e-02	3.03959130e-02	3.04473487e-02	-4.22993830e-04	1.03589691e-04	-5.26583521e-04	3.15086606e-04	-2.57178283e-05	2.29368416e-05	-7.07682373e-05	-1.24472771e-05	-5.83209603e-05
1440            	6.07065103e-02	3.03639535e-02	3.03425568e-02	-1.56241655e-03	-1.07860105e-03	-4.83815499e-04	-2.97392774e-04	1.06983671e-05	3.09112560e-05	-2.12856704e-04	-7.55170958e-05	-1.37339608e-04
1450            	6.05764156e-02	3.02407099e-02	3.03357057e-02	-1.61773522e-03	-1.49446285e-03	-1.23272364e-04	-6.85595245e-04	-4.74979200e-05	7.32389275e-05	-2.14427890e-04	-3.39750177e-05	-1.80452873e-04
1460            	6.03802057e-02	2.99998678e-02	3.03803379e-02	-9.74478848e-04	-1.24200273e-03	2.67523882e-04	-7.54763306e-04	-1.90235015e-04	8.54730481e-05	3.23770718e-05	1.01661584e-04	-6.92845122e-05
1470            	6.01947944e-02	2.98430934e-02	3.03517009e-02	2.10507386e-04	-3.33375350e-04	5.43882736e-04	-4.38629043e-04	-2.54303742e-04	8.06470944e-05	2.02291830e-04	1.81793009e-04	2.04988205e-05
1480            	6.01097898e-02	2.98965655e-02	3.02132243e-02	1.15173015e-03	6.81001375e-04	4.70728772e-04	1.05136301e-04	-1.58329424e-04	8.98437031e-05	1.34356936e-04	1.57022171e-04	-2.26652352e-05
1490            	6.00149205e-02	2.99607017e-02	3.00542188e-02	1.46062112e-03	1.22723122e-03	2.33389901e-04	4.96920658e-04	-4.67585407e-05	9.12201855e-05	2.51697216e-05	1.03805046e-04	-7.86353247e-05
1500            	5.98538517e-02	2.99419346e-02	2.99119171e-02	9.68935246e-04	9.97289554e-04	-2.83543082e-05	5.12821931e-04	1.50087335e-05	7.42203603e-05	-3.57502107e-05	5.63452550e-05	-9.20954657e-05
1510            	5.97214868e-02	2.98923274e-02	2.98291594e-02	-3.86868401e-04	-6.22610822e-05	-3.24607319e-04	1.31173118e-04	3.15840240e-05	6.17087160e-05	-1.14564439e-04	4.42649672e-06	-1.18990935e-04
1520            	5.96888899e-02	2.98110018e-02	2.98778882e-02	-1.41960176e-03	-1.00367358e-03	-4.15928186e-04	-2.93872696e-04	-3.34432029e-05	7.22273146e-05	-2.35744360e-04	-4.56448654e-05	-1.90099495e-04
1530            	5.96367051e-02	2.97091225e-02	2.99275826e-02	-1.65381025e-03	-1.34193219e-03	-3.11878060e-04	-5.15027066e-04	-1.09230038e-04	8.45097953e-05	-2.19205061e-04	-2.50927350e-05	-1.94112326e-04
1540            	5.95543893e-02	2.96481230e-02	2.99062663e-02	-1.02126524e-03	-9.33416493e-04	-8.78487468e-05	-4.22783873e-04	-1.29071665e-04	8.26096194e-05	-6.31576147e-05	5.10308121e-05	-1.14188427e-04
1550            	5.94808266e-02	2.96407940e-02	2.98400326e-02	3.88205964e-04	1.62095780e-04	2.26110184e-04	-3.20072021e-05	-9.96192727e-05	9.14314657e-05	1.74910297e-05	1.00176981e-04	-8.26859508e-05
1560            	5.94308874e-02	2.96446054e-02	2.97862821e-02	1.42798165e-03	1.04942100e-03	3.78560650e-04	3.35430174e-04	-7.08383471e-05	1.00634397e-04	-2.52622194e-05	8.80032868e-05	-1.13265506e-04
1570            	5.93115162e-02	2.96357254e-02	2.96757908e-02	1.67933625e-03	1.30163251e-03	3.77703744e-04	4.61964381e-04	-2.00327294e-05	9.17751753e-05	-2.86234865e-05	7.74634320e-05	-1.06086919e-04
1580            	5.92057771e-02	2.96649248e-02	2.95408523e-02	9.38615990e-04	7.77026783e-04	1.61589207e-04	3.07718788e-04	6.20362299e-05	7.05237556e-05	-4.70925860e-07	7.02882926e-05	-7.07592185e-05
1590            	5.91414320e-02	2.96312622e-02	2.95101698e-02	-3.78692213e-04	-2.66852340e-04	-1.11839873e-04	-7.75062335e-05	6.05461809e-05	6.30316544e-05	-6.85963528e-05	2.87334780e-05	-9.73298308e-05
1600            	5.91122909e-02	2.95678136e-02	2.95444773e-02	-1.16202356e-03	-9.76679947e-04	-1.85343610e-04	-3.95668168e-04	1.16681239e-05	7.28249356e-05	-1.85566139e-04	-1.99581341e-05	-1.65608005e-04
1610            	5.89995027e-02	2.94695285e-02	2.95299742e-02	-1.34405755e-03	-1.10993789e-03	-2.34119655e-04	-4.37909119e-04	-3.02228733e-05	8.05891178e-05	-1.73087021e-04	-5.95439275e-06	-1.67132628e-04
1620            	5.88751546e-02	2.93861314e-02	2.94890232e-02	-8.02505422e-04	-6.25186610e-04	-1.77318811e-04	-2.23933899e-04	-5.14459404e-05	8.32154293e-05	-8.83414777e-05	3.90446905e-05	-1.27386168e-04
1630            	5.87808564e-02	2.93501383e-02	2.94307182e-02	2.38327641e-04	2.55711884e-04	-1.73842434e-05	1.36548064e-04	-4.02899339e-05	8.99652317e-05	-8.83674797e-05	4.57814919e-05	-1.34148972e-04
1640            	5.87113851e-02	2.93118252e-02	2.93995599e-02	1.11090473e-03	9.48646530e-04	1.62258195e-04	3.93194167e-04	-4.38673478e-05	9.58375521e-05	-1.31683151e-04	2.99959766e-05	-1.61679128e-04
1650            	5.85911572e-02	2.92857159e-02	2.93054414e-02	1.39805676e-03	1.09454547e-03	3.03511295e-04	3.95517086e-04	-9.86275386e-06	9.22932503e-05	-1.04651905e-04	3.99672977e-05	-1.44619203e-04
1660            	5.85306935e-02	2.93104749e-02	2.92202186e-02	7.56206453e-04	5.32988551e-04	2.23217902e-04	1.54885325e-04	4.51281702e-05	8.13788612e-05	-5.74536570e-05	5.26520327e-05	-1.10105690e-04
1670            	5.85301288e-02	2.93067846e-02	2.92233442e-02	-3.25349009e-04	-3.34429034e-04	9.08002531e-06	-1.71754530e-04	4.17202098e-05	7.85507228e-05	-8.97880486e-05	3.36566985e-05	-1.23444747e-04
1680            	5.85246863e-02	2.92866051e-02	2.92380813e-02	-1.08224643e-03	-8.86559720e-04	-1.95686714e-04	-3.45436503e-04	2.42618985e-05	7.95827945e-05	-1.25932551e-04	1.66165192e-05	-1.42549070e-04
1690            	5.84442254e-02	2.92071109e-02	2.92371145e-02	-1.33420608e-03	-9.55698928e-04	-3.78507149e-04	-2.88595889e-04	-1.50017696e-05	7.64451242e-05	-8.85567703e-05	3.21667391e-05	-1.20723509e-04
1700            	5.83752118e-02	2.91358223e-02	2.92393895e-02	-7.44958753e-04	-4.33138213e-04	-3.11820541e-04	-6.06588360e-05	-5.17835627e-05	7.39562982e-05	-5.37000119e-05	4.71062922e-05	-1.00806304e-04
1710            	5.83264471e-02	2.91207664e-02	2.92056807e-02	2.26422877e-04	3.25638618e-04	-9.92157407e-05	2.12427179e-04	-4.24571779e-05	7.84218386e-05	-9.77569834e-05	2.95433469e-05	-1.27300330e-04
1720            	5.82628559e-02	2.91040521e-02	2.91588038e-02	9.27839471e-04	8.00941261e-04	1.26898210e-04	3.37021526e-04	-2.73758826e-05	7.98688059e-05	-1.32202402e-04	1.37676048e-05	-1.45970007e-04
1730            	5.81634514e-02	2.90949053e-02	2.90685462e-02	1.17113836e-03	8.35907471e-04	3.35230884e-04	2.50338293e-04	1.31795549e-05	7.52920601e-05	-9.77440814e-05	2.64200194e-05	-1.24164101e-04
1740            	5.81056832e-02	2.90861330e-02	2.90195502e-02	6.86365311e-04	3.62269109e-04	3.24096202e-04	1.90864535e-05	3.32913860e-05	7.37728652e-05	-7.25053016e-05	3.75202144e-05	-1.10025516e-04
1750            	5.80837877e-02	2.90704696e-02	2.90133180e-02	-1.61015233e-04	-3.02442384e-04	1.41427151e-04	-2.21934768e-04	2.85758070e-05	7.97077588e-05	-1.14214687e-04	2.26004150e-05	-1.36815103e-04
1760            	5.80462170e-02	2.90639194e-02	2.89822976e-02	-9.07360196e-04	-7.57023787e-04	-1.50336409e-04	-3.03343689e-04	4.08108950e-05	8.11626271e-05	-1.26734702e-04	1.77952760e-05	-1.44529978e-04
1770            	5.79914974e-02	2.90068989e-02	2.89845984e-02	-1.18790113e-03	-7.81423113e-04	-4.06478018e-04	-1.87472548e-04	1.11502660e-05	7.73492978e-05	-8.61452103e-05	3.42766927e-05	-1.20421903e-04
1780            	5.79485441e-02	2.89544464e-02	2.89940977e-02	-6.79746166e-04	-2.89191978e-04	-3.90554188e-04	5.06811049e-05	-1.98256497e-05	7.74262129e-05	-7.06089130e-05	4.21217564e-05	-1.12730669e-04
1790            	5.79214194e-02	2.89353377e-02	2.89860817e-02	1.12550940e-04	3.12682774e-04	-2.00131835e-04	2.56407305e-04	-2.53720093e-05	8.31393280e-05	-1.18150926e-04	2.40638650e-05	-1.42214791e-04
1800            	5.78693487e-02	2.89070075e-02	2.89623412e-02	7.44965425e-04	6.55494205e-04	8.94712204e-05	2.83011492e-04	-2.76668921e-05	8.31780826e-05	-1.33555046e-04	1.64005595e-05	-1.49955606e-04
1810            	5.78116459e-02	2.89029941e-02	2.89086519e-02	9.62854775e-04	6.20382640e-04	3.42472135e-04	1.38955253e-04	-2.82887718e-06	8.00185534e-05	-9.60470860e-05	3.19950104e-05	-1.28042096e-04
1820            	5.77714125e-02	2.88975351e-02	2.88738774e-02	5.34187929e-04	1.89326127e-04	3.44861802e-04	-7.77678372e-05	1.18288326e-05	8.28446672e-05	-8.26417047e-05	4.15238148e-05	-1.24165520e-04
1830            	5.77405914e-02	2.88948731e-02	2.88457184e-02	-1.76554572e-04	-3.29064914e-04	1.52510342e-04	-2.40787628e-04	2.45773528e-05	8.93320587e-05	-1.12037780e-04	3.33131689e-05	-1.45350949e-04
1840            	5.76890542e-02	2.88826993e-02	2.88063550e-02	-8.11863747e-04	-6.46698170e-04	-1.65165576e-04	-2.40766297e-04	3.81721665e-05	8.91965597e-05	-1.06392381e-04	3.60003694e-05	-1.42392750e-04
1850            	5.76454163e-02	2.88307207e-02	2.88146955e-02	-1.00941150e-03	-5.99371978e-04	-4.10039520e-04	-9.46662291e-05	8.01259967e-06	8.59266806e-05	-7.10790981e-05	5.03871316e-05	-1.21466230e-04
1860            	5.76103791e-02	2.87835868e-02	2.88267923e-02	-5.72390503e-04	-1.82653558e-04	-3.89736945e-04	1.03541694e-04	-2.16027806e-05	8.64292600e-05	-6.96769620e-05	5.15907790e-05	-1.21267741e-04
1870            	5.75801558e-02	2.87501901e-02	2.88299657e-02	5.57537038e-05	2.61892473e-04	-2.06138770e-04	2.34015621e-04	-3.98878262e-05	9.09099504e-05	-1.07850859e-04	3.69845208e-05	-1.44835380e-04
1880            	5.75326163e-02	2.87265927e-02	2.88060236e-02	6.01264698e-04	5.07173760e-04	9.40909376e-05	2.06541411e-04	-3.97154807e-05	9.13254155e-05	-1.12975431e-04	3.48376998e-05	-1.47813131e-04
1890            	5.74982897e-02	2.87413672e-02	2.87569225e-02	7.93121898e-04	4.52255175e-04	3.40866723e-04	5.56942259e-05	-7.77767629e-06	9.14010545e-05	-8.75852784e-05	4.76084153e-05	-1.35193694e-04
1900            	5.74704657e-02	2.87521545e-02	2.87183112e-02	4.39880974e-04	1.03761216e-04	3.36119758e-04	-1.16179271e-04	1.69216246e-05	9.57876686e-05	-8.88881359e-05	5.13436006e-05	-1.40231737e-04
1910            	5.74391133e-02	2.87498792e-02	2.86892341e-02	-1.14052318e-04	-2.69623115e-04	1.55570797e-04	-2.12596956e-04	3.03225901e-05	1.02343908e-04	-1.13394533e-04	4.56466410e-05	-1.59041174e-04
1920            	5.73966047e-02	2.87259302e-02	2.86706744e-02	-6.26808813e-04	-4.81633533e-04	-1.45175279e-04	-1.68229127e-04	2.76279043e-05	1.03951739e-04	-1.07129853e-04	5.03868121e-05	-1.57516665e-04
1930            	5.73701143e-02	2.86876960e-02	2.86824183e-02	-7.90167915e-04	-4.16575452e-04	-3.73592463e-04	-2.14914947e-05	2.63886858e-06	1.03377896e-04	-7.82158707e-05	6.42699604e-05	-1.42485831e-04
1940            	5.73407282e-02	2.86549530e-02	2.86857751e-02	-4.72535886e-04	-1.03077682e-04	-3.69458204e-04	1.33190261e-04	-1.54110545e-05	1.05654428e-04	-7.77530420e-05	6.67779070e-05	-1.44530949e-04
1950            	5.73032263e-02	2.86210592e-02	2.86821671e-02	1.69369375e-05	2.17277901e-04	-2.00340964e-04	2.08809433e-04	-3.05539375e-05	1.09400299e-04	-9.71155882e-05	6.08425048e-05	-1.57958093e-04
1960            	5.72604283e-02	2.85950441e-02	2.86653842e-02	4.82173505e-04	3.89794342e-04	9.23791634e-05	1.48707589e-04	-3.51700344e-05	1.09413236e-04	-8.76951463e-05	6.55656629e-05	-1.53260809e-04
1970            	5.72417265e-02	2.86051248e-02	2.86366017e-02	6.31413127e-04	3.18416689e-04	3.12996437e-04	2.71012591e-06	-1.57384548e-05	1.09154301e-04	-6.07503042e-05	7.87791490e-05	-1.39529453e-04
1980            	5.72207620e-02	2.86182179e-02	2.86025441e-02	3.59866736e-04	4.79059861e-05	3.11960750e-04	-1.32027382e-04	7.83689710e-06	1.12781916e-04	-6.21695239e-05	8.16971541e-05	-1.43866678e-04
1990            	5.71906394e-02	2.86225983e-02	2.85680411e-02	-6.88511552e-05	-2.14944141e-04	1.46092986e-04	-1.80518563e-04	2.72786004e-05	1.17206099e-04	-7.88299802e-05	7.77911090e-05	-1.56621089e-04
2000            	5.71555323e-02	2.86077414e-02	2.85477910e-02	-4.81135448e-04	-3.49697032e-04	-1.31438416e-04	-1.09129308e-04	2.99751936e-05	1.17951951e-04	-7.12071018e-05	8.23483998e-05	-1.53555502e-04
