# Force and moment coefficients
# dragDir       : (7.07106781e-01 0.00000000e+00 7.07106781e-01)
# sideDir       : (7.07106781e-01 0.00000000e+00 -7.07106781e-01)
# liftDir       : (0.00000000e+00 1.00000000e+00 0.00000000e+00)
# rollAxis      : (7.07106781e-01 0.00000000e+00 7.07106781e-01)
# pitchAxis     : (7.07106781e-01 0.00000000e+00 -7.07106781e-01)
# yawAxis       : (0.00000000e+00 1.00000000e+00 0.00000000e+00)
# magUInf       : 1.00000000e+00
# lRef          : 2.00000000e-02
# Aref          : 4.00000000e-04
# CofR          : (0.00000000e+00 0.00000000e+00 0.00000000e+00)
#
# Time          	Cd              	Cd(f)           	Cd(r)           	Cl              	Cl(f)           	Cl(r)           	CmPitch         	CmRoll          	CmYaw           	Cs              	Cs(f)           	Cs(r)           
10              	2.38372558e-02	1.18454701e-02	1.19917857e-02	-8.77253593e-04	-3.66696144e-04	-5.10557449e-04	7.19306526e-05	-7.31577943e-05	1.49621454e-02	7.23604501e-03	1.85801679e-02	-1.13441228e-02
20              	-1.77090748e-02	-8.65906174e-03	-9.05001302e-03	-4.19896637e-04	1.28044834e-04	-5.47941471e-04	3.37993152e-04	1.95475641e-04	-1.12734714e-02	1.20059753e-02	-5.27048371e-03	1.72764590e-02
30              	1.85621752e-02	9.38660311e-03	9.17557213e-03	-3.02639640e-04	9.13994346e-05	-3.94039075e-04	2.42719255e-04	1.05515489e-04	-6.99759423e-03	8.34667645e-03	-2.82425600e-03	1.11709325e-02
40              	1.69085392e-02	8.45829505e-03	8.45024415e-03	-9.24980745e-05	4.80176601e-05	-1.40515735e-04	9.42666974e-05	4.02545030e-06	-5.77325901e-03	9.27479160e-03	-1.13586321e-03	1.04106548e-02
50              	1.50854555e-02	7.49363883e-03	7.59181665e-03	-9.35240325e-05	-5.65545800e-06	-8.78685745e-05	4.11065582e-05	-4.90889060e-05	-6.45299695e-03	6.67977713e-03	-3.11310839e-03	9.79288552e-03
60              	1.47493113e-02	7.35293678e-03	7.39637456e-03	-1.02919593e-04	-8.13578541e-06	-9.47838080e-05	4.33240113e-05	-2.17188891e-05	-7.19523418e-03	2.69062321e-03	-5.84992257e-03	8.54054579e-03
70              	1.48749884e-02	7.41411109e-03	7.46087727e-03	-2.22396196e-05	1.46698782e-05	-3.69094978e-05	2.57896880e-05	-2.33830918e-05	-7.94512993e-03	-2.22627890e-03	-9.05826938e-03	6.83199048e-03
80              	1.52223627e-02	7.59030632e-03	7.63205641e-03	-1.07547384e-04	-2.42719780e-05	-8.32754062e-05	2.95017141e-05	-2.08750427e-05	-7.73101438e-03	-5.06077590e-03	-1.02614023e-02	5.20062643e-03
90              	1.49842032e-02	7.47679057e-03	7.50741261e-03	-1.08902536e-04	-2.24075207e-05	-8.64950153e-05	3.20437473e-05	-1.53110181e-05	-7.32090418e-03	-3.06822985e-03	-8.85501911e-03	5.78678926e-03
100             	1.37342065e-02	6.89419089e-03	6.84001563e-03	-1.87159353e-04	-1.62148589e-05	-1.70944494e-04	7.73648177e-05	2.70876299e-05	-7.56620852e-03	-3.47486659e-05	-7.58358285e-03	7.54883419e-03
110             	1.37180429e-02	6.88705988e-03	6.83098298e-03	-1.90466941e-04	-1.87719867e-05	-1.71694954e-04	7.64614836e-05	2.80384476e-05	-7.58477516e-03	5.53673036e-04	-7.30793864e-03	7.86161168e-03
120             	1.33244406e-02	6.65072471e-03	6.67371587e-03	-1.38578882e-04	-3.83379466e-05	-1.00240936e-04	3.09514946e-05	-1.14955801e-05	-7.50955358e-03	-4.34937327e-05	-7.53130045e-03	7.48780671e-03
130             	1.28600333e-02	6.41774572e-03	6.44228756e-03	-2.34948659e-04	-8.00224462e-05	-1.54926213e-04	3.74518832e-05	-1.22709166e-05	-7.46458679e-03	-4.41250833e-04	-7.68521221e-03	7.24396137e-03
140             	1.25239585e-02	6.26016776e-03	6.26379078e-03	-3.01361326e-04	-1.01180691e-04	-2.00180635e-04	4.94999724e-05	-1.81150786e-06	-7.38599827e-03	-5.43598978e-04	-7.65779775e-03	7.11419878e-03
150             	1.23414887e-02	6.17549587e-03	6.16599279e-03	-3.42465557e-04	-1.18305611e-04	-2.24159946e-04	5.29271673e-05	4.75153898e-06	-7.30666192e-03	-5.33345609e-04	-7.57333473e-03	7.03998912e-03
160             	1.22502522e-02	6.13530338e-03	6.11494887e-03	-3.79129090e-04	-1.30525830e-04	-2.48603260e-04	5.90387147e-05	1.01772508e-05	-7.24917310e-03	-6.28769678e-04	-7.56355793e-03	6.93478826e-03
170             	1.21976776e-02	6.10924264e-03	6.08843495e-03	-4.08162453e-04	-1.42372816e-04	-2.65789637e-04	6.17084108e-05	1.04038437e-05	-7.20717819e-03	-7.93044455e-04	-7.60370041e-03	6.81065596e-03
180             	1.21517466e-02	6.08452638e-03	6.06722020e-03	-4.45118433e-04	-1.61852182e-04	-2.83266251e-04	6.07070348e-05	8.65309018e-06	-7.17281947e-03	-8.91265517e-04	-7.61845223e-03	6.72718671e-03
190             	1.21081372e-02	6.06221165e-03	6.04592557e-03	-4.98545868e-04	-1.88428161e-04	-3.10117707e-04	6.08447728e-05	8.14303774e-06	-7.14703714e-03	-8.99183996e-04	-7.59662914e-03	6.69744514e-03
200             	1.20752653e-02	6.04459583e-03	6.03066945e-03	-5.55898744e-04	-2.17729497e-04	-3.38169246e-04	6.02198746e-05	6.96318817e-06	-7.12794996e-03	-8.31886606e-04	-7.54389326e-03	6.71200666e-03
210             	1.20583236e-02	6.03413661e-03	6.02418701e-03	-6.00552980e-04	-2.41939049e-04	-3.58613931e-04	5.83374410e-05	4.97479985e-06	-7.11722289e-03	-7.23380228e-04	-7.47891300e-03	6.75553277e-03
220             	1.20543873e-02	6.03051333e-03	6.02387400e-03	-6.28617082e-04	-2.57621085e-04	-3.70995997e-04	5.66874562e-05	3.31966392e-06	-7.11363326e-03	-6.11183645e-04	-7.41922508e-03	6.80804143e-03
230             	1.20561780e-02	6.03079401e-03	6.02538398e-03	-6.46881343e-04	-2.67283486e-04	-3.79597857e-04	5.61571856e-05	2.70501680e-06	-7.11291663e-03	-5.22896246e-04	-7.37436475e-03	6.85146851e-03
240             	1.20534416e-02	6.02959637e-03	6.02384524e-03	-6.63040525e-04	-2.75079027e-04	-3.87961499e-04	5.64412360e-05	2.87556890e-06	-7.11127540e-03	-4.67364381e-04	-7.34495760e-03	6.87759321e-03
250             	1.20420391e-02	6.02409090e-03	6.01794821e-03	-6.83547384e-04	-2.85049730e-04	-3.98497654e-04	5.67239617e-05	3.07134544e-06	-7.10691969e-03	-4.40153243e-04	-7.32699631e-03	6.88684306e-03
260             	1.20218523e-02	6.01383048e-03	6.00802187e-03	-7.10184173e-04	-2.98630871e-04	-4.11553302e-04	5.64612152e-05	2.90430672e-06	-7.10030068e-03	-4.26206799e-04	-7.31340408e-03	6.88719728e-03
270             	1.19973985e-02	6.00131316e-03	5.99608530e-03	-7.41600783e-04	-3.14857332e-04	-4.26743451e-04	5.59430594e-05	2.61392984e-06	-7.09265972e-03	-4.09876539e-04	-7.29759799e-03	6.88772145e-03
280             	1.19738305e-02	5.98971286e-03	5.98411763e-03	-7.74642500e-04	-3.31484644e-04	-4.43157856e-04	5.58366061e-05	2.79761706e-06	-7.08498572e-03	-3.85460684e-04	-7.27771606e-03	6.89225538e-03
290             	1.19539654e-02	5.98072811e-03	5.97323729e-03	-8.07421196e-04	-3.47218510e-04	-4.60202686e-04	5.64920882e-05	3.74540701e-06	-7.07729926e-03	-3.55816491e-04	-7.25520750e-03	6.89939101e-03
300             	1.19389577e-02	5.97480070e-03	5.96415704e-03	-8.43535401e-04	-3.63823341e-04	-4.79712061e-04	5.79443599e-05	5.32183225e-06	-7.06923155e-03	-3.29012705e-04	-7.23373790e-03	6.90472520e-03
310             	1.19278924e-02	5.97087125e-03	5.95702117e-03	-8.87865187e-04	-3.84330419e-04	-5.03534768e-04	5.96021747e-05	6.92504021e-06	-7.06082373e-03	-3.11406116e-04	-7.21652678e-03	6.90512067e-03
320             	1.19187599e-02	5.96738644e-03	5.95137348e-03	-9.43173880e-04	-4.10727130e-04	-5.32446750e-04	6.08598099e-05	8.00647773e-06	-7.05261496e-03	-3.03195143e-04	-7.20421253e-03	6.90101738e-03
330             	1.19116799e-02	5.96430491e-03	5.94737502e-03	-1.00886932e-03	-4.42896250e-04	-5.65973065e-04	6.15384074e-05	8.46494219e-06	-7.04527179e-03	-2.99881394e-04	-7.19521249e-03	6.89533109e-03
340             	1.19076171e-02	5.96247445e-03	5.94514265e-03	-1.08221441e-03	-4.79085322e-04	-6.03129084e-04	6.20218811e-05	8.66589882e-06	-7.03931137e-03	-2.94874739e-04	-7.18674873e-03	6.89187400e-03
350             	1.19080762e-02	5.96312316e-03	5.94495305e-03	-1.16058115e-03	-5.17435560e-04	-6.43145587e-04	6.28550137e-05	9.08505980e-06	-7.03476181e-03	-2.84462844e-04	-7.17699323e-03	6.89253039e-03
360             	1.19139091e-02	5.96688454e-03	5.94702456e-03	-1.24308662e-03	-5.57217534e-04	-6.85869085e-04	6.43257754e-05	9.92998790e-06	-7.03138744e-03	-2.69438059e-04	-7.16610647e-03	6.89666841e-03
370             	1.19247364e-02	5.97336015e-03	5.95137621e-03	-1.33026941e-03	-5.98888041e-04	-7.31381365e-04	6.62466619e-05	1.09919721e-05	-7.02914120e-03	-2.53944295e-04	-7.15611335e-03	6.90216905e-03
380             	1.19398410e-02	5.98184811e-03	5.95799289e-03	-1.42334907e-03	-6.43480760e-04	-7.79868306e-04	6.81937728e-05	1.19276096e-05	-7.02807370e-03	-2.41973164e-04	-7.14906028e-03	6.90708712e-03
390             	1.19582888e-02	5.99156242e-03	5.96672639e-03	-1.52144111e-03	-6.91001131e-04	-8.30439979e-04	6.97194240e-05	1.24180179e-05	-7.02844348e-03	-2.34351989e-04	-7.14561947e-03	6.91126748e-03
400             	1.19796603e-02	6.00230142e-03	5.97735887e-03	-1.62206933e-03	-7.40284957e-04	-8.81784372e-04	7.07497072e-05	1.24712750e-05	-7.03030744e-03	-2.28620675e-04	-7.14461778e-03	6.91599711e-03
410             	1.20034834e-02	6.01394935e-03	5.98953404e-03	-1.72205280e-03	-7.89584128e-04	-9.32468667e-04	7.14422693e-05	1.22076549e-05	-7.03345127e-03	-2.21299105e-04	-7.14410082e-03	6.92280172e-03
420             	1.20297121e-02	6.02665191e-03	6.00306021e-03	-1.81748602e-03	-8.36805289e-04	-9.80680734e-04	7.19377226e-05	1.17958508e-05	-7.03744926e-03	-2.10271429e-04	-7.14258498e-03	6.93231355e-03
430             	1.20574953e-02	6.04000389e-03	6.01749140e-03	-1.90528876e-03	-8.80455594e-04	-1.02483316e-03	7.21887848e-05	1.12562461e-05	-7.04194684e-03	-1.95941148e-04	-7.13991741e-03	6.94397627e-03
440             	1.20857540e-02	6.05332870e-03	6.03242529e-03	-1.98296930e-03	-9.19516912e-04	-1.06345239e-03	7.19677391e-05	1.04517033e-05	-7.04685718e-03	-1.80106436e-04	-7.13691040e-03	6.95680396e-03
450             	1.21129569e-02	6.06577507e-03	6.04718188e-03	-2.04788334e-03	-9.52888881e-04	-1.09499446e-03	7.10527899e-05	9.29659526e-06	-7.05221014e-03	-1.65372456e-04	-7.13489637e-03	6.96952391e-03
460             	1.21379216e-02	6.07678712e-03	6.06113447e-03	-2.09873337e-03	-9.79880813e-04	-1.11885256e-03	6.94858733e-05	7.82632588e-06	-7.05794238e-03	-1.53377971e-04	-7.13463137e-03	6.98125340e-03
470             	1.21597708e-02	6.08614965e-03	6.07362115e-03	-2.13453109e-03	-9.99795683e-04	-1.13473540e-03	6.74698607e-05	6.26425111e-06	-7.06397363e-03	-1.43010013e-04	-7.13547863e-03	6.99246862e-03
480             	1.21785489e-02	6.09418028e-03	6.08436859e-03	-2.15516987e-03	-1.01219756e-03	-1.14297231e-03	6.53873788e-05	4.90584834e-06	-7.07008571e-03	-1.32436101e-04	-7.13630376e-03	7.00386766e-03
490             	1.21934541e-02	6.10055432e-03	6.09289977e-03	-2.16151383e-03	-1.01734006e-03	-1.14417377e-03	6.34168531e-05	3.82727838e-06	-7.07598797e-03	-1.20244082e-04	-7.13611001e-03	7.01586593e-03
500             	1.22041415e-02	6.10511058e-03	6.09903088e-03	-2.15571025e-03	-1.01623445e-03	-1.13947580e-03	6.16206762e-05	3.03984963e-06	-7.08139605e-03	-1.06649893e-04	-7.13472099e-03	7.02807110e-03
510             	1.22108506e-02	6.10797801e-03	6.10287264e-03	-2.14103016e-03	-1.01045633e-03	-1.13057383e-03	6.00587488e-05	2.55268656e-06	-7.08623970e-03	-9.31555142e-05	-7.13281746e-03	7.03966194e-03
520             	1.22140033e-02	6.10933530e-03	6.10466798e-03	-2.12116577e-03	-1.00178729e-03	-1.11937848e-03	5.87955967e-05	2.33365774e-06	-7.09048384e-03	-8.10758700e-05	-7.13102178e-03	7.04994591e-03
530             	1.22143226e-02	6.10956027e-03	6.10476235e-03	-2.09997575e-03	-9.92061703e-04	-1.10791405e-03	5.79261732e-05	2.39896112e-06	-7.09397273e-03	-7.09957274e-05	-7.12947059e-03	7.05847487e-03
540             	1.22125707e-02	6.10899844e-03	6.10357224e-03	-2.08064904e-03	-9.82831103e-04	-1.09781794e-03	5.74934168e-05	2.71310248e-06	-7.09652206e-03	-6.29842336e-05	-7.12801417e-03	7.06502994e-03
550             	1.22096331e-02	6.10803259e-03	6.10160054e-03	-2.06552273e-03	-9.75293767e-04	-1.09022897e-03	5.74675997e-05	3.21602450e-06	-7.09806482e-03	-5.68464589e-05	-7.12648805e-03	7.06964159e-03
560             	1.22062479e-02	6.10695854e-03	6.09928932e-03	-2.05626371e-03	-9.70376167e-04	-1.08588754e-03	5.77556857e-05	3.83460947e-06	-7.09871810e-03	-5.26485587e-05	-7.12504238e-03	7.07239382e-03
570             	1.22029324e-02	6.10593646e-03	6.09699593e-03	-2.05374090e-03	-9.68637868e-04	-1.08510303e-03	5.82325824e-05	4.47026633e-06	-7.09867369e-03	-5.07573520e-05	-7.12405236e-03	7.07329501e-03
580             	1.22002633e-02	6.10516608e-03	6.09509717e-03	-2.05820939e-03	-9.70316065e-04	-1.08789333e-03	5.87886311e-05	5.03445386e-06	-7.09816880e-03	-5.13668599e-05	-7.12385223e-03	7.07248537e-03
590             	1.21987026e-02	6.10482530e-03	6.09387732e-03	-2.06931116e-03	-9.75308976e-04	-1.09400219e-03	5.93466048e-05	5.47399025e-06	-7.09742235e-03	-5.41454516e-05	-7.12449508e-03	7.07034962e-03
600             	1.21986354e-02	6.10508610e-03	6.09354932e-03	-2.08612548e-03	-9.83196124e-04	-1.10292935e-03	5.98666138e-05	5.76838939e-06	-7.09660901e-03	-5.83009844e-05	-7.12575950e-03	7.06745851e-03
610             	1.22003234e-02	6.10608109e-03	6.09424234e-03	-2.10730170e-03	-9.93321655e-04	-1.11398004e-03	6.03291943e-05	5.91937381e-06	-7.09588469e-03	-6.29929541e-05	-7.12738116e-03	7.06438821e-03
620             	1.22038924e-02	6.10787048e-03	6.09602188e-03	-2.13112763e-03	-1.00486414e-03	-1.12626349e-03	6.06996735e-05	5.92429975e-06	-7.09543794e-03	-6.76858194e-05	-7.12928085e-03	7.06159503e-03
630             	1.22091944e-02	6.11037849e-03	6.09881587e-03	-2.15573332e-03	-1.01694062e-03	-1.13879270e-03	6.09260431e-05	5.78130624e-06	-7.09545913e-03	-7.21105492e-05	-7.13151440e-03	7.05940385e-03
640             	1.22159896e-02	6.11348363e-03	6.10250595e-03	-2.17932108e-03	-1.02868924e-03	-1.15063184e-03	6.09712983e-05	5.48883757e-06	-7.09608167e-03	-7.60953187e-05	-7.13412933e-03	7.05803401e-03
650             	1.22238180e-02	6.11697031e-03	6.10684767e-03	-2.20017076e-03	-1.03926758e-03	-1.16090318e-03	6.08178022e-05	5.06131697e-06	-7.09736849e-03	-7.94841449e-05	-7.13711056e-03	7.05762641e-03
660             	1.22321429e-02	6.12058171e-03	6.11156123e-03	-2.21652670e-03	-1.04781209e-03	-1.16871460e-03	6.04512548e-05	4.51024123e-06	-7.09930626e-03	-8.20070946e-05	-7.14030981e-03	7.05830272e-03
670             	1.22404022e-02	6.12409910e-03	6.11630309e-03	-2.22712263e-03	-1.05365017e-03	-1.17347245e-03	5.99111408e-05	3.89800733e-06	-7.10183215e-03	-8.34389426e-05	-7.14355162e-03	7.06011268e-03
680             	1.22480476e-02	6.12732088e-03	6.12072673e-03	-2.23129238e-03	-1.05639074e-03	-1.17490164e-03	5.92554460e-05	3.29707781e-06	-7.10484697e-03	-8.38005303e-05	-7.14674723e-03	7.06294670e-03
690             	1.22545447e-02	6.13001436e-03	6.12453029e-03	-2.22880438e-03	-1.05588130e-03	-1.17292308e-03	5.85208901e-05	2.74203621e-06	-7.10821938e-03	-8.32498720e-05	-7.14984432e-03	7.06659444e-03
700             	1.22594116e-02	6.13198814e-03	6.12742343e-03	-2.22003573e-03	-1.05223926e-03	-1.16779647e-03	5.77786029e-05	2.28235376e-06	-7.11176398e-03	-8.18970070e-05	-7.15271249e-03	7.07081548e-03
710             	1.22624343e-02	6.13318586e-03	6.12924843e-03	-2.20609271e-03	-1.04593614e-03	-1.16015657e-03	5.71102180e-05	1.96871526e-06	-7.11527151e-03	-7.98648332e-05	-7.15520393e-03	7.07533909e-03
720             	1.22636069e-02	6.13363032e-03	6.12997658e-03	-2.18858055e-03	-1.03770156e-03	-1.15087899e-03	5.65887182e-05	1.82686749e-06	-7.11854483e-03	-7.73362394e-05	-7.15721295e-03	7.07987672e-03
730             	1.22630859e-02	6.13341209e-03	6.12967382e-03	-2.16936751e-03	-1.02842118e-03	-1.14094633e-03	5.62625781e-05	1.86913358e-06	-7.12142285e-03	-7.45101042e-05	-7.15867791e-03	7.08416780e-03
740             	1.22611178e-02	6.13264852e-03	6.12846931e-03	-2.15031255e-03	-1.01900461e-03	-1.13130794e-03	5.61516644e-05	2.08960422e-06	-7.12377983e-03	-7.17612622e-05	-7.15966046e-03	7.08789920e-03
750             	1.22581462e-02	6.13152847e-03	6.12661772e-03	-2.13326310e-03	-1.01037954e-03	-1.12288355e-03	5.62520050e-05	2.45537627e-06	-7.12555290e-03	-6.96374445e-05	-7.16037162e-03	7.09073418e-03
760             	1.22545909e-02	6.13020412e-03	6.12438676e-03	-2.11972744e-03	-1.00334399e-03	-1.11638345e-03	5.65197309e-05	2.90867753e-06	-7.12675799e-03	-6.85843563e-05	-7.16105017e-03	7.09246581e-03
770             	1.22508949e-02	6.12884311e-03	6.12205176e-03	-2.11070253e-03	-9.98441155e-04	-1.11226137e-03	5.69101095e-05	3.39567798e-06	-7.12744872e-03	-6.87522253e-05	-7.16182484e-03	7.09307261e-03
780             	1.22475120e-02	6.12764034e-03	6.11987168e-03	-2.10676877e-03	-9.95995046e-04	-1.11077372e-03	5.73893389e-05	3.88433283e-06	-7.12770671e-03	-6.99916300e-05	-7.16270252e-03	7.09271089e-03
790             	1.22448388e-02	6.12676532e-03	6.11807344e-03	-2.10805139e-03	-9.96104742e-04	-1.11194665e-03	5.79209540e-05	4.34593637e-06	-7.12765011e-03	-7.21614126e-05	-7.16373081e-03	7.09156940e-03
800             	1.22432552e-02	6.12637190e-03	6.11688329e-03	-2.11423834e-03	-9.98655555e-04	-1.11558279e-03	5.84636164e-05	4.74430431e-06	-7.12742035e-03	-7.51981000e-05	-7.16501940e-03	7.08982130e-03
810             	1.22429185e-02	6.12649518e-03	6.11642328e-03	-2.12461705e-03	-1.00334015e-03	-1.12127690e-03	5.89683764e-05	5.03594790e-06	-7.12717050e-03	-7.88865692e-05	-7.16661379e-03	7.08772722e-03
820             	1.22439510e-02	6.12718621e-03	6.11676478e-03	-2.13821933e-03	-1.00971157e-03	-1.12850776e-03	5.93980929e-05	5.21071562e-06	-7.12704177e-03	-8.29521632e-05	-7.16851785e-03	7.08556569e-03
830             	1.22463985e-02	6.12845902e-03	6.11793953e-03	-2.15383345e-03	-1.01719650e-03	-1.13663695e-03	5.97202225e-05	5.25974038e-06	-7.12717064e-03	-8.71307460e-05	-7.17073601e-03	7.08360526e-03
840             	1.22501674e-02	6.13027401e-03	6.11989336e-03	-2.17014725e-03	-1.02515193e-03	-1.14499532e-03	5.99216949e-05	5.19032430e-06	-7.12765561e-03	-9.10916195e-05	-7.17320142e-03	7.08210980e-03
850             	1.22550287e-02	6.13253075e-03	6.12249790e-03	-2.18581931e-03	-1.03291604e-03	-1.15290327e-03	5.99936169e-05	5.01642548e-06	-7.12856436e-03	-9.45708543e-05	-7.17584979e-03	7.08127894e-03
860             	1.22606902e-02	6.13509060e-03	6.12559955e-03	-2.19946711e-03	-1.03981333e-03	-1.15965379e-03	5.99202303e-05	4.74552468e-06	-7.12993351e-03	-9.73519990e-05	-7.17860951e-03	7.08125751e-03
870             	1.22667286e-02	6.13777211e-03	6.12895653e-03	-2.20997622e-03	-1.04527755e-03	-1.16469867e-03	5.97105569e-05	4.40778759e-06	-7.13177671e-03	-9.93795928e-05	-7.18146651e-03	7.08208691e-03
880             	1.22727232e-02	6.14038886e-03	6.13233431e-03	-2.21646236e-03	-1.04885743e-03	-1.16760493e-03	5.93737523e-05	4.02727408e-06	-7.13405562e-03	-1.00717872e-04	-7.18441455e-03	7.08369668e-03
890             	1.22782248e-02	6.14275341e-03	6.13547142e-03	-2.21848816e-03	-1.05029993e-03	-1.16818822e-03	5.89441452e-05	3.64099430e-06	-7.13668968e-03	-1.01373623e-04	-7.18737649e-03	7.08600286e-03
900             	1.22829260e-02	6.14475413e-03	6.13817187e-03	-2.21605514e-03	-1.04955921e-03	-1.16649593e-03	5.84683644e-05	3.29112984e-06	-7.13955882e-03	-1.01331796e-04	-7.19022472e-03	7.08889292e-03
910             	1.22865648e-02	6.14629556e-03	6.14026929e-03	-2.20953725e-03	-1.04676442e-03	-1.16277282e-03	5.80041982e-05	3.01313564e-06	-7.14252509e-03	-1.00643944e-04	-7.19284706e-03	7.09220311e-03
920             	1.22890093e-02	6.14734290e-03	6.14166638e-03	-2.19972353e-03	-1.04225724e-03	-1.15746629e-03	5.76045279e-05	2.83825820e-06	-7.14544989e-03	-9.94355208e-05	-7.19516765e-03	7.09573213e-03
930             	1.22902178e-02	6.14789472e-03	6.14232312e-03	-2.18767175e-03	-1.03653369e-03	-1.15113805e-03	5.73021811e-05	2.78579727e-06	-7.14820518e-03	-9.79469522e-05	-7.19717866e-03	7.09923171e-03
940             	1.22903013e-02	6.14800926e-03	6.14229208e-03	-2.17464322e-03	-1.03019657e-03	-1.14444666e-03	5.71250458e-05	2.85859046e-06	-7.15068939e-03	-9.64527275e-05	-7.19891575e-03	7.10246303e-03
950             	1.22894561e-02	6.14777120e-03	6.14168486e-03	-2.16194786e-03	-1.02388779e-03	-1.13806007e-03	5.70861423e-05	3.04316946e-06	-7.15283137e-03	-9.52368930e-05	-7.20044982e-03	7.10521292e-03
960             	1.22879399e-02	6.14728521e-03	6.14065467e-03	-2.15079726e-03	-1.01821648e-03	-1.13258078e-03	5.71821502e-05	3.31526959e-06	-7.15458951e-03	-9.44639410e-05	-7.20182148e-03	7.10735754e-03
970             	1.22860639e-02	6.14667343e-03	6.13939048e-03	-2.14220165e-03	-1.01370746e-03	-1.12849419e-03	5.73933624e-05	3.64147543e-06	-7.15595305e-03	-9.42402555e-05	-7.20307317e-03	7.10883292e-03
980             	1.22841625e-02	6.14607323e-03	6.13808929e-03	-2.13682557e-03	-1.01072000e-03	-1.12610557e-03	5.76927841e-05	3.99197222e-06	-7.15695121e-03	-9.46860690e-05	-7.20429425e-03	7.10960818e-03
990             	1.22825234e-02	6.14559670e-03	6.13692670e-03	-2.13500954e-03	-1.00945885e-03	-1.12555069e-03	5.80459200e-05	4.33499993e-06	-7.15765650e-03	-9.59144538e-05	-7.20561373e-03	7.10969927e-03
1000            	1.22814213e-02	6.14535429e-03	6.13606701e-03	-2.13677493e-03	-1.00996675e-03	-1.12680818e-03	5.84207177e-05	4.64364029e-06	-7.15816638e-03	-9.79385766e-05	-7.20713567e-03	7.10919709e-03
