# Force and moment coefficients
# dragDir       : (5.00011000e-01 0.00000000e+00 8.66019053e-01)
# sideDir       : (0.00000000e+00 1.00000000e+00 -0.00000000e+00)
# liftDir       : (-8.66019053e-01 0.00000000e+00 5.00011000e-01)
# rollAxis      : (5.00011000e-01 0.00000000e+00 8.66019053e-01)
# pitchAxis     : (0.00000000e+00 1.00000000e+00 -0.00000000e+00)
# yawAxis       : (-8.66019053e-01 0.00000000e+00 5.00011000e-01)
# magUInf       : 1.00000000e+00
# lRef          : 4.00040000e-02
# Aref          : 3.21484300e-04
# CofR          : (0.00000000e+00 0.00000000e+00 0.00000000e+00)
#
# Time          	Cd              	Cd(f)           	Cd(r)           	Cl              	Cl(f)           	Cl(r)           	CmPitch         	CmRoll          	CmYaw           	Cs              	Cs(f)           	Cs(r)           
10              	2.89976258e-01	1.43953256e-01	1.46023003e-01	-2.02207921e-01	-1.25841615e-01	-7.63663060e-02	-2.47376544e-02	-1.03487359e-03	5.19630700e-04	-1.50892777e-03	-2.34833185e-04	-1.27409459e-03
20              	1.82030179e+00	9.10252025e-01	9.10049768e-01	-2.18971679e-01	-1.07328427e-01	-1.11643251e-01	2.15741202e-03	1.01128811e-04	-1.38818352e-03	3.12367121e-03	1.73652082e-04	2.95001912e-03
30              	1.01684298e+00	5.08171600e-01	5.08671376e-01	-1.14899702e-02	-1.68501900e-02	5.36021979e-03	-1.11052049e-02	-2.49887856e-04	-1.21555881e-03	4.49628210e-03	1.03258224e-03	3.46369986e-03
40              	7.36331991e-01	3.67570956e-01	3.68761036e-01	2.92688796e-01	1.35740013e-01	1.56948782e-01	-1.06043846e-02	-5.95039958e-04	1.79957812e-05	4.19300733e-03	2.11449945e-03	2.07850789e-03
50              	7.49401919e-01	3.74287129e-01	3.75114790e-01	5.00995977e-01	2.34402568e-01	2.66593409e-01	-1.60954208e-02	-4.13830460e-04	4.79984140e-05	8.09405347e-03	4.09502515e-03	3.99902832e-03
60              	7.27149041e-01	3.63986432e-01	3.63162609e-01	5.36814281e-01	2.55143287e-01	2.81670995e-01	-1.32638540e-02	4.11911766e-04	4.05035021e-04	7.18966532e-03	3.99986768e-03	3.18979764e-03
70              	7.22097280e-01	3.61198048e-01	3.60899232e-01	5.88521394e-01	2.80776841e-01	3.07744553e-01	-1.34838559e-02	1.49408254e-04	2.28055979e-04	1.06222727e-02	5.53919234e-03	5.08308039e-03
80              	7.25837998e-01	3.62648181e-01	3.63189817e-01	6.02845812e-01	2.88126869e-01	3.14718942e-01	-1.32960366e-02	-2.70817857e-04	-3.03478343e-04	-4.96630074e-04	-5.51793380e-04	5.51633058e-05
90              	7.26518300e-01	3.64274042e-01	3.62244258e-01	6.15806934e-01	2.91627417e-01	3.24179517e-01	-1.62760503e-02	1.01489159e-03	-3.76242636e-04	-1.92816363e-03	-1.34032445e-03	-5.87839177e-04
100             	7.41462147e-01	3.71405465e-01	3.70056682e-01	6.45817277e-01	3.09242732e-01	3.36574544e-01	-1.36659061e-02	6.74391539e-04	4.39555538e-04	1.15517495e-03	1.01714301e-03	1.38031937e-04
110             	7.46391050e-01	3.73773359e-01	3.72617691e-01	6.51239382e-01	3.11534869e-01	3.39704513e-01	-1.40848216e-02	5.77833577e-04	-1.03017387e-04	3.32490658e-03	1.55943590e-03	1.76547068e-03
120             	7.44868013e-01	3.72560882e-01	3.72307131e-01	6.41167864e-01	3.06862680e-01	3.34305183e-01	-1.37212513e-02	1.26875206e-04	-7.08127412e-05	2.59777872e-03	1.22807662e-03	1.36970210e-03
130             	7.53480868e-01	3.76332125e-01	3.77148743e-01	6.68984357e-01	3.20037980e-01	3.48946377e-01	-1.44541988e-02	-4.08308972e-04	2.17539663e-04	5.87704471e-03	3.15606202e-03	2.72098269e-03
140             	7.65374794e-01	3.82856261e-01	3.82518533e-01	6.76541009e-01	3.24165086e-01	3.52375923e-01	-1.41054185e-02	1.68864034e-04	4.76886482e-04	4.40919438e-03	2.68148367e-03	1.72771071e-03
150             	7.60277411e-01	3.80762030e-01	3.79515381e-01	6.63045491e-01	3.16716905e-01	3.46328586e-01	-1.48058405e-02	6.23324845e-04	4.16528314e-04	3.26200968e-03	2.04753315e-03	1.21447652e-03
160             	7.69308071e-01	3.85004153e-01	3.84303919e-01	6.82387453e-01	3.26617247e-01	3.55770206e-01	-1.45764795e-02	3.50117015e-04	5.30630137e-05	3.93612598e-03	2.02112600e-03	1.91499998e-03
170             	7.81764881e-01	3.91354777e-01	3.90410104e-01	6.94461273e-01	3.32677095e-01	3.61784178e-01	-1.45535414e-02	4.72336629e-04	2.69731033e-05	4.44489522e-03	2.24942071e-03	2.19547451e-03
180             	7.79241375e-01	3.90085458e-01	3.89155917e-01	6.85286782e-01	3.27586355e-01	3.57700427e-01	-1.50570360e-02	4.64770347e-04	-9.88598886e-05	3.90880378e-03	1.85554200e-03	2.05326178e-03
190             	7.86294755e-01	3.93615310e-01	3.92679444e-01	7.03106536e-01	3.36245329e-01	3.66861207e-01	-1.53079389e-02	4.67933042e-04	-5.07507192e-05	3.14163442e-03	1.52006649e-03	1.62156793e-03
200             	7.98614180e-01	4.00022172e-01	3.98592008e-01	7.17087885e-01	3.43326649e-01	3.73761236e-01	-1.52172936e-02	7.15082149e-04	-1.25506110e-04	2.80032322e-03	1.27465550e-03	1.52566772e-03
210             	7.97440789e-01	3.99499195e-01	3.97941594e-01	7.13022749e-01	3.40902148e-01	3.72120602e-01	-1.56092270e-02	7.78800528e-04	-4.61370075e-04	2.86341735e-03	9.70338598e-04	1.89307875e-03
220             	8.03539157e-01	4.02382196e-01	4.01156961e-01	7.29522321e-01	3.48935482e-01	3.80586838e-01	-1.58256779e-02	6.12617693e-04	-4.93224995e-04	3.60556387e-03	1.30955694e-03	2.29600693e-03
230             	8.14015607e-01	4.07620306e-01	4.06395300e-01	7.41086948e-01	3.55055219e-01	3.86031728e-01	-1.54882545e-02	6.12503086e-04	-4.80674666e-04	4.09855491e-03	1.56860279e-03	2.52995212e-03
240             	8.13601644e-01	4.07484270e-01	4.06117374e-01	7.38030630e-01	3.53175212e-01	3.84855418e-01	-1.58401033e-02	6.83448024e-04	-5.92011866e-04	3.99475124e-03	1.40536376e-03	2.58938749e-03
250             	8.19858198e-01	4.10416337e-01	4.09441860e-01	7.53162934e-01	3.60433807e-01	3.92729127e-01	-1.61476597e-02	4.87238582e-04	-5.64994379e-04	3.71631957e-03	1.29316541e-03	2.42315417e-03
260             	8.29879797e-01	4.15240917e-01	4.14638881e-01	7.63727851e-01	3.65897030e-01	3.97830821e-01	-1.59668958e-02	3.01017952e-04	-5.63970516e-04	2.37153333e-03	6.21796148e-04	1.74973718e-03
270             	8.30563934e-01	4.15415491e-01	4.15148443e-01	7.61888940e-01	3.64586410e-01	3.97302530e-01	-1.63580601e-02	1.33524282e-04	-6.47820157e-04	1.15697118e-03	-6.93345645e-05	1.22630575e-03
280             	8.37161691e-01	4.18563811e-01	4.18597880e-01	7.76246044e-01	3.71258371e-01	4.04987673e-01	-1.68646507e-02	-1.70342184e-05	-5.41978017e-04	7.02814153e-04	-1.90570941e-04	8.93385094e-04
290             	8.47039606e-01	4.23559177e-01	4.23480429e-01	7.87104376e-01	3.76904142e-01	4.10200234e-01	-1.66480464e-02	3.93737314e-05	-4.44354271e-04	1.12543908e-03	1.18365268e-04	1.00707381e-03
300             	8.48258922e-01	4.24198465e-01	4.24060457e-01	7.86693376e-01	3.76243747e-01	4.10449629e-01	-1.71029411e-02	6.90036939e-05	-2.76445769e-04	1.26202921e-03	3.54568834e-04	9.07460372e-04
310             	8.54292855e-01	4.27258046e-01	4.27034809e-01	8.00008990e-01	3.82515224e-01	4.17493765e-01	-1.74892707e-02	1.11618259e-04	-1.72735845e-04	1.50664651e-03	5.80587412e-04	9.26059102e-04
320             	8.63002387e-01	4.31750705e-01	4.31251683e-01	8.09909671e-01	3.87872586e-01	4.22037085e-01	-1.70822497e-02	2.49510937e-04	-1.97970894e-04	1.73710406e-03	6.70581137e-04	1.06652292e-03
330             	8.64968272e-01	4.32955517e-01	4.32012755e-01	8.10399247e-01	3.87798095e-01	4.22601152e-01	-1.74015287e-02	4.71381150e-04	-3.36613660e-04	2.19573336e-03	7.61253019e-04	1.43448034e-03
340             	8.70075667e-01	4.35687346e-01	4.34388321e-01	8.22571957e-01	3.93520316e-01	4.29051640e-01	-1.77656621e-02	6.49512671e-04	-3.86924528e-04	2.60332062e-03	9.14735781e-04	1.68858484e-03
350             	8.77939594e-01	4.39850828e-01	4.38088766e-01	8.31264748e-01	3.98141221e-01	4.33123526e-01	-1.74911525e-02	8.81030713e-04	-4.58402771e-04	2.96478262e-03	1.02398854e-03	1.94079408e-03
360             	8.80042576e-01	4.41208706e-01	4.38833870e-01	8.31401777e-01	3.97672601e-01	4.33729175e-01	-1.80282870e-02	1.18741794e-03	-6.40446325e-04	3.28268503e-03	1.00089619e-03	2.28178884e-03
370             	8.85389648e-01	4.44100467e-01	4.41289181e-01	8.42542640e-01	4.02671787e-01	4.39870853e-01	-1.85995331e-02	1.40564306e-03	-9.42315538e-04	3.40284094e-03	7.59104931e-04	2.64373601e-03
380             	8.93442935e-01	4.48307478e-01	4.45135456e-01	8.51179119e-01	4.07094965e-01	4.44084154e-01	-1.84945943e-02	1.58601106e-03	-1.50600551e-03	3.64784119e-03	3.17915088e-04	3.32992611e-03
390             	8.96290962e-01	4.49602336e-01	4.46688626e-01	8.51679121e-01	4.06772688e-01	4.44906433e-01	-1.90668729e-02	1.45685519e-03	-2.09262844e-03	3.08905682e-03	-5.48100031e-04	3.63715686e-03
400             	9.02838707e-01	4.52715839e-01	4.50122868e-01	8.62432401e-01	4.11673449e-01	4.50758952e-01	-1.95427513e-02	1.29648551e-03	-2.66734950e-03	2.51051334e-03	-1.41209283e-03	3.92260617e-03
410             	9.11900219e-01	4.56963791e-01	4.54936428e-01	8.71339740e-01	4.16171146e-01	4.55168594e-01	-1.94987241e-02	1.01368140e-03	-3.18151812e-03	2.13053112e-03	-2.11625256e-03	4.24678368e-03
420             	9.16090097e-01	4.58743661e-01	4.57346437e-01	8.72759244e-01	4.16291370e-01	4.56467874e-01	-2.00882519e-02	6.98612081e-04	-3.37220906e-03	7.03651202e-04	-3.02038346e-03	3.72403466e-03
430             	9.23131666e-01	4.62001567e-01	4.61130099e-01	8.83802940e-01	4.21386167e-01	4.62416772e-01	-2.05153026e-02	4.35733651e-04	-3.37804743e-03	-5.94885405e-04	-3.67549014e-03	3.08060473e-03
440             	9.32297047e-01	4.66385556e-01	4.65911491e-01	8.92631546e-01	4.26019478e-01	4.66612067e-01	-2.02962944e-02	2.37032210e-04	-3.45158219e-03	-1.79466192e-03	-4.34891315e-03	2.55425123e-03
450             	9.36658405e-01	4.68384045e-01	4.68274360e-01	8.94318278e-01	4.26508184e-01	4.67810094e-01	-2.06509547e-02	5.48422522e-05	-3.28523541e-03	-3.10519222e-03	-4.83783152e-03	1.73263930e-03
460             	9.42582727e-01	4.71028795e-01	4.71553932e-01	9.03205821e-01	4.30816349e-01	4.72389472e-01	-2.07865612e-02	-2.62568374e-04	-3.00095813e-03	-3.52488499e-03	-4.76340063e-03	1.23851564e-03
470             	9.50286588e-01	4.74403659e-01	4.75882929e-01	9.08800616e-01	4.33953549e-01	4.74847067e-01	-2.04467590e-02	-7.39635169e-04	-2.51698883e-03	-3.21090355e-03	-4.12244061e-03	9.11537058e-04
480             	9.54247215e-01	4.76100020e-01	4.78147194e-01	9.09168341e-01	4.33948489e-01	4.75219852e-01	-2.06356813e-02	-1.02358703e-03	-1.74228334e-03	-2.41468914e-03	-2.94962791e-03	5.34938771e-04
490             	9.60235669e-01	4.79167459e-01	4.81068210e-01	9.18390293e-01	4.38711593e-01	4.79678700e-01	-2.04835538e-02	-9.50375495e-04	-9.77438052e-04	-1.46500293e-03	-1.70993952e-03	2.44936587e-04
500             	9.67679499e-01	4.82826916e-01	4.84852583e-01	9.25211758e-01	4.42655937e-01	4.82555821e-01	-1.99499423e-02	-1.01283387e-03	-3.19171819e-04	-9.05169187e-04	-7.71756412e-04	-1.33412775e-04
