# Moment        
# CofR          : (0.00000000e+00 0.00000000e+00 0.00000000e+00)
#
# Time          	total_x total_y total_z	pressure_x pressure_y pressure_z	viscous_x viscous_y viscous_z
10               5.90589518e-08 -3.14754918e-08 -2.71837243e-07 1.14858276e-07 -1.32486597e-08 -4.13212180e-07 -5.57993245e-08 -1.82268322e-08 1.41374937e-07
20               6.05040751e-06 -1.86936792e-06 -2.96774406e-06 6.25940146e-06 -1.84011739e-06 -3.13013767e-06 -2.08993947e-07 -2.92505254e-08 1.62393612e-07
30               2.34098367e-05 -1.78221498e-06 5.14975959e-06 2.35463737e-05 -1.77541273e-06 5.03774672e-06 -1.36537024e-07 -6.80224325e-09 1.12012875e-07
40               1.96986177e-05 -4.26973630e-07 3.43673768e-08 1.96641021e-05 -4.11976355e-07 -1.22010591e-07 3.45155704e-08 -1.49972756e-08 1.56377967e-07
50               1.05302171e-05 1.54469739e-06 1.31200367e-06 1.04182513e-05 1.52082818e-06 1.34992112e-06 1.11965784e-07 2.38692115e-08 -3.79174512e-08
60               3.11240164e-06 1.11966406e-06 1.34040119e-06 3.33482606e-06 1.08848323e-06 1.43323220e-06 -2.22424420e-07 3.11808244e-08 -9.28310079e-08
70               1.05226546e-05 -6.17507348e-08 5.45913421e-08 1.05434806e-05 -8.57022534e-08 3.61569519e-07 -2.08259825e-08 2.39515186e-08 -3.06978177e-07
80               4.18945026e-06 -1.97721037e-06 1.41320378e-06 4.42624192e-06 -1.94329391e-06 1.43700650e-06 -2.36791653e-07 -3.39164613e-08 -2.38027225e-08
90               2.16212485e-05 -1.30875136e-06 1.38292589e-06 2.13023078e-05 -1.29648071e-06 1.16347985e-06 3.18940664e-07 -1.22706535e-08 2.19446038e-07
100              1.33074471e-05 -2.40997766e-07 1.10265990e-06 1.30301491e-05 -2.32875770e-07 1.00017039e-06 2.77297977e-07 -8.12199582e-09 1.02489511e-07
110              1.20999015e-05 -7.06344417e-08 7.82669112e-07 1.18978646e-05 -3.28900448e-08 8.34577607e-07 2.02036970e-07 -3.77443969e-08 -5.19084949e-08
120              1.80041068e-05 2.33133150e-06 3.88137021e-07 1.76628907e-05 2.27654218e-06 4.42859355e-07 3.41216052e-07 5.47893207e-08 -5.47223343e-08
130              1.93334894e-05 1.17829981e-06 4.05668283e-07 1.89593705e-05 1.16210161e-06 4.48008401e-07 3.74118920e-07 1.61981955e-08 -4.23401182e-08
140              1.99601977e-05 4.97666534e-07 3.72371929e-07 1.95624289e-05 4.53443560e-07 3.86642540e-07 3.97768734e-07 4.42229744e-08 -1.42706112e-08
150              1.42402615e-05 -2.79808809e-07 1.45586828e-07 1.41036824e-05 -2.96996585e-07 1.78676633e-07 1.36579076e-07 1.71877759e-08 -3.30898049e-08
160              1.68775627e-05 -6.18398984e-07 1.15511626e-07 1.68954619e-05 -6.09740554e-07 1.85807384e-07 -1.78991970e-08 -8.65842978e-09 -7.02957582e-08
170              1.62072342e-05 3.12251736e-07 1.75454272e-08 1.64543279e-05 3.01933368e-07 1.68054039e-07 -2.47093669e-07 1.03183679e-08 -1.50508612e-07
180              1.75948730e-05 5.13048821e-07 -2.47892222e-07 1.80381215e-05 4.92811736e-07 2.44543144e-08 -4.43248530e-07 2.02370845e-08 -2.72346537e-07
190              2.20871425e-05 6.49624790e-07 -4.45823227e-07 2.26940648e-05 6.24581095e-07 -1.08769449e-07 -6.06922334e-07 2.50436948e-08 -3.37053778e-07
200              2.46423568e-05 6.36425966e-07 -5.31892859e-07 2.54669822e-05 6.27947186e-07 -1.61581933e-07 -8.24625446e-07 8.47877994e-09 -3.70310926e-07
210              2.59432023e-05 8.69818017e-07 -5.88417752e-07 2.70002207e-05 8.72754804e-07 -1.75422301e-07 -1.05701835e-06 -2.93678709e-09 -4.12995452e-07
220              2.58595814e-05 9.77619328e-07 -7.40701985e-07 2.72098349e-05 9.83054209e-07 -2.48928539e-07 -1.35025352e-06 -5.43488025e-09 -4.91773445e-07
230              2.45864469e-05 1.04349370e-06 -8.94980157e-07 2.62787210e-05 1.05351661e-06 -3.62017871e-07 -1.69227411e-06 -1.00229174e-08 -5.32962285e-07
240              2.24800093e-05 1.33792614e-06 -8.81866876e-07 2.44623584e-05 1.33561077e-06 -4.20010716e-07 -1.98234911e-06 2.31537359e-09 -4.61856160e-07
250              2.11124442e-05 1.64742747e-06 -7.71208577e-07 2.32010616e-05 1.62169757e-06 -4.53268140e-07 -2.08861744e-06 2.57298954e-08 -3.17940437e-07
260              1.81661579e-05 1.59765198e-06 -6.93496397e-07 2.03201095e-05 1.54461518e-06 -4.79629987e-07 -2.15395165e-06 5.30367947e-08 -2.13866410e-07
270              1.59091574e-05 1.24316484e-06 -5.26915933e-07 1.80659378e-05 1.17854525e-06 -3.89214899e-07 -2.15678043e-06 6.46195906e-08 -1.37701034e-07
280              1.40793552e-05 1.01207286e-06 -3.88257905e-07 1.61731946e-05 9.46230060e-07 -3.53580455e-07 -2.09383940e-06 6.58428004e-08 -3.46774502e-08
290              1.15646374e-05 2.86655910e-07 -2.51172348e-07 1.35963716e-05 2.43848836e-07 -3.28495692e-07 -2.03173416e-06 4.28070743e-08 7.73233434e-08
300              9.80467951e-06 -3.62806272e-07 -1.52155037e-07 1.17541780e-05 -3.70183599e-07 -2.70649623e-07 -1.94949845e-06 7.37732776e-09 1.18494586e-07
310              9.23922865e-06 2.11288446e-07 -1.38688177e-07 1.10721709e-05 1.91794545e-07 -2.59245057e-07 -1.83294224e-06 1.94939011e-08 1.20556880e-07
320              9.05496250e-06 6.63206270e-07 -1.30549478e-07 1.07412783e-05 6.43941226e-07 -2.51072183e-07 -1.68631584e-06 1.92650440e-08 1.20522705e-07
330              8.27609464e-06 1.35910407e-06 -2.47597059e-07 9.82613132e-06 1.31910432e-06 -3.48510698e-07 -1.55003667e-06 3.99997535e-08 1.00913639e-07
340              7.16271659e-06 1.24214283e-06 -2.62213895e-07 8.59053122e-06 1.20447071e-06 -3.48927110e-07 -1.42781464e-06 3.76721243e-08 8.67132157e-08
350              5.31100646e-06 1.31138309e-06 -3.33558915e-07 6.62860389e-06 1.26720098e-06 -3.92491552e-07 -1.31759743e-06 4.41821012e-08 5.89326370e-08
360              2.38302915e-06 1.00905617e-06 -3.40365192e-07 3.66016586e-06 9.66429823e-07 -4.20533792e-07 -1.27713671e-06 4.26263430e-08 8.01686003e-08
370              -2.72625479e-07 1.00035245e-06 -2.87710940e-07 1.00198642e-06 9.64215161e-07 -3.85503239e-07 -1.27461190e-06 3.61372930e-08 9.77922989e-08
380              -9.05020794e-07 6.92386140e-07 -2.54244784e-07 2.94419487e-07 6.63057606e-07 -3.74644734e-07 -1.19944028e-06 2.93285345e-08 1.20399950e-07
390              -1.03422917e-06 5.75807429e-07 -2.20688025e-07 8.30802913e-08 5.60832639e-07 -3.57173823e-07 -1.11730946e-06 1.49747907e-08 1.36485798e-07
400              -1.04411115e-06 6.23895469e-07 -2.84530604e-07 6.62394868e-08 6.04627028e-07 -4.06838712e-07 -1.11035064e-06 1.92684413e-08 1.22308108e-07
410              -6.55078694e-07 5.12592756e-07 -2.75348477e-07 4.46199186e-07 4.92944418e-07 -3.93983045e-07 -1.10127788e-06 1.96483376e-08 1.18634568e-07
420              -8.38619081e-07 5.03532174e-07 -2.50595297e-07 3.06746874e-07 4.75202737e-07 -3.54153048e-07 -1.14536596e-06 2.83294366e-08 1.03557751e-07
430              -1.31930410e-07 4.55264054e-07 -1.85714217e-07 1.03381972e-06 4.27308666e-07 -2.73316467e-07 -1.16575013e-06 2.79553873e-08 8.76022501e-08
440              5.88184403e-07 3.05876900e-07 -1.62299459e-07 1.72664695e-06 2.80996675e-07 -2.18794054e-07 -1.13846255e-06 2.48802249e-08 5.64945950e-08
450              1.08432332e-06 1.79766025e-07 -1.72190327e-07 2.27698384e-06 1.60292701e-07 -2.04174916e-07 -1.19266053e-06 1.94733235e-08 3.19845885e-08
460              2.41167430e-06 1.94115713e-07 -1.66072912e-07 3.68841811e-06 1.76096520e-07 -1.86749405e-07 -1.27674380e-06 1.80191924e-08 2.06764932e-08
470              3.50901938e-06 2.07295729e-07 -1.84445538e-07 4.87396318e-06 1.84840335e-07 -2.02393714e-07 -1.36494380e-06 2.24553933e-08 1.79481756e-08
480              4.09421711e-06 3.44996235e-07 -2.00438074e-07 5.54469667e-06 3.18320916e-07 -2.30310097e-07 -1.45047956e-06 2.66753186e-08 2.98720238e-08
490              4.45112830e-06 2.72180094e-07 -1.86171997e-07 5.98171019e-06 2.45224044e-07 -2.25213566e-07 -1.53058189e-06 2.69560494e-08 3.90415683e-08
500              5.03930211e-06 1.41081116e-07 -1.44404377e-07 6.62950118e-06 1.17870700e-07 -1.96141319e-07 -1.59019907e-06 2.32104160e-08 5.17369420e-08
510              5.89006610e-06 -5.91745052e-08 -1.05741834e-07 7.49954489e-06 -7.51409401e-08 -1.69856316e-07 -1.60947880e-06 1.59664349e-08 6.41144822e-08
520              6.47858409e-06 -1.84604830e-07 -7.04145449e-08 8.09699540e-06 -1.94476268e-07 -1.47887488e-07 -1.61841132e-06 9.87143717e-09 7.74729429e-08
530              6.72797474e-06 -1.51027669e-07 -5.05819078e-08 8.37538076e-06 -1.59769404e-07 -1.35801007e-07 -1.64740601e-06 8.74173442e-09 8.52190996e-08
540              6.80715703e-06 -1.75874781e-07 -2.68288545e-08 8.49487820e-06 -1.84706233e-07 -1.16252215e-07 -1.68772117e-06 8.83145194e-09 8.94233602e-08
550              6.90349493e-06 -1.39122624e-07 8.51898964e-09 8.61917622e-06 -1.47991727e-07 -9.12006975e-08 -1.71568130e-06 8.86910300e-09 9.97196871e-08
560              6.55682866e-06 -8.05476271e-08 3.03508872e-08 8.30507795e-06 -9.09603596e-08 -7.57607552e-08 -1.74824930e-06 1.04127325e-08 1.06111642e-07
570              6.19958919e-06 -3.49210819e-08 5.68907446e-08 7.97114214e-06 -4.60149454e-08 -5.47008857e-08 -1.77155296e-06 1.10938634e-08 1.11591630e-07
580              6.06184619e-06 9.56176203e-09 7.36522465e-08 7.83748747e-06 -2.41168495e-09 -4.40273655e-08 -1.77564128e-06 1.19734470e-08 1.17679612e-07
590              5.97026321e-06 -4.95695056e-09 8.84877484e-08 7.73783021e-06 -1.48863866e-08 -3.72477852e-08 -1.76756700e-06 9.92943607e-09 1.25735534e-07
600              5.91385377e-06 1.69631278e-08 9.86224526e-08 7.66668604e-06 7.64592821e-09 -3.64776887e-08 -1.75283227e-06 9.31719956e-09 1.35100141e-07
610              5.93966100e-06 4.07558854e-08 1.05821855e-07 7.67422689e-06 3.15305519e-08 -3.60273092e-08 -1.73456589e-06 9.22533348e-09 1.41849165e-07
620              6.00817417e-06 2.15534648e-08 1.07169982e-07 7.72350668e-06 1.39887992e-08 -3.78251421e-08 -1.71533251e-06 7.56466556e-09 1.44995124e-07
630              6.07021350e-06 5.86103100e-08 1.05753786e-07 7.76671867e-06 5.13445568e-08 -4.11720312e-08 -1.69650517e-06 7.26575319e-09 1.46925818e-07
640              6.08883955e-06 5.54551932e-08 1.01485851e-07 7.76829212e-06 4.97194368e-08 -4.68206508e-08 -1.67945257e-06 5.73575633e-09 1.48306502e-07
650              6.05327916e-06 8.31347432e-08 9.96148245e-08 7.71773258e-06 7.77309901e-08 -5.12331703e-08 -1.66445342e-06 5.40375301e-09 1.50847995e-07
660              5.96781248e-06 1.15590086e-07 9.97051539e-08 7.61878071e-06 1.10188958e-07 -5.15430925e-08 -1.65096823e-06 5.40112817e-09 1.51248246e-07
670              5.84999026e-06 9.68553881e-08 9.78886498e-08 7.48890981e-06 9.29051570e-08 -5.19047355e-08 -1.63891955e-06 3.95023105e-09 1.49793385e-07
680              5.71100528e-06 1.34809433e-07 9.76567967e-08 7.33892717e-06 1.30105762e-07 -5.19995441e-08 -1.62792189e-06 4.70367087e-09 1.49656341e-07
690              5.57147423e-06 1.27100922e-07 9.84453946e-08 7.18973588e-06 1.22488480e-07 -5.09401697e-08 -1.61826164e-06 4.61244220e-09 1.49385564e-07
700              5.44768344e-06 1.23043593e-07 1.00543214e-07 7.05707120e-06 1.18455291e-07 -4.95231568e-08 -1.60938776e-06 4.58830233e-09 1.50066371e-07
710              5.34607419e-06 1.47955589e-07 1.05238825e-07 6.94718563e-06 1.42713828e-07 -4.63461464e-08 -1.60111144e-06 5.24176056e-09 1.51584971e-07
720              5.26723346e-06 1.08719801e-07 1.08488619e-07 6.86099728e-06 1.04941536e-07 -4.34770886e-08 -1.59376381e-06 3.77826549e-09 1.51965708e-07
730              5.21063987e-06 1.28882814e-07 1.13427465e-07 6.79780535e-06 1.24544208e-07 -4.05349418e-08 -1.58716548e-06 4.33860660e-09 1.53962407e-07
740              5.16667504e-06 1.27181495e-07 1.18665523e-07 6.74800138e-06 1.23308506e-07 -3.71717647e-08 -1.58132635e-06 3.87298918e-09 1.55837287e-07
750              5.12623982e-06 1.06668181e-07 1.21741809e-07 6.70268504e-06 1.03922222e-07 -3.58476414e-08 -1.57644522e-06 2.74595836e-09 1.57589450e-07
760              5.08828389e-06 1.47364443e-07 1.26556671e-07 6.66047845e-06 1.43928637e-07 -3.46159204e-08 -1.57219456e-06 3.43580648e-09 1.61172591e-07
770              5.05500382e-06 1.26518149e-07 1.29750609e-07 6.62332742e-06 1.24513882e-07 -3.42784999e-08 -1.56832360e-06 2.00426675e-09 1.64029109e-07
780              5.02419242e-06 1.45045667e-07 1.32856202e-07 6.58890153e-06 1.42829848e-07 -3.41961461e-08 -1.56470911e-06 2.21581899e-09 1.67052348e-07
790              4.99487458e-06 1.67803218e-07 1.37536156e-07 6.55631276e-06 1.65441819e-07 -3.31934820e-08 -1.56143818e-06 2.36139914e-09 1.70729638e-07
800              4.96678158e-06 1.43104390e-07 1.40000455e-07 6.52517746e-06 1.42027717e-07 -3.29097238e-08 -1.55839588e-06 1.07667310e-09 1.72910179e-07
810              4.94018878e-06 1.86991660e-07 1.43681464e-07 6.49576807e-06 1.84883762e-07 -3.25475362e-08 -1.55557929e-06 2.10789827e-09 1.76229000e-07
820              4.91666068e-06 1.79613020e-07 1.48032514e-07 6.46969445e-06 1.78485407e-07 -3.13742386e-08 -1.55303377e-06 1.12761290e-09 1.79406753e-07
830              4.89640629e-06 1.82625222e-07 1.50746032e-07 6.44704496e-06 1.81685799e-07 -3.15881467e-08 -1.55063867e-06 9.39422634e-10 1.82334179e-07
840              4.87711697e-06 2.21263235e-07 1.55666858e-07 6.42544951e-06 2.19586644e-07 -3.11539800e-08 -1.54833254e-06 1.67659020e-09 1.86820838e-07
850              4.85605769e-06 1.95629001e-07 1.60217922e-07 6.40215532e-06 1.95490432e-07 -3.02898538e-08 -1.54609763e-06 1.38568881e-10 1.90507776e-07
860              4.83580361e-06 2.33555672e-07 1.66168962e-07 6.37963692e-06 2.32639109e-07 -2.92680647e-08 -1.54383330e-06 9.16563012e-10 1.95437027e-07
870              4.81530568e-06 2.42523973e-07 1.73694598e-07 6.35699376e-06 2.42061307e-07 -2.78190370e-08 -1.54168809e-06 4.62666074e-10 2.01513635e-07
880              4.79323180e-06 2.26826776e-07 1.80336196e-07 6.33261967e-06 2.27462409e-07 -2.73686560e-08 -1.53938787e-06 -6.35633285e-10 2.07704852e-07
890              4.77007986e-06 2.74302635e-07 1.89611734e-07 6.30713371e-06 2.74028611e-07 -2.64644569e-08 -1.53705386e-06 2.74023448e-10 2.16076191e-07
900              4.74598537e-06 2.52335056e-07 1.99559254e-07 6.28086922e-06 2.53576646e-07 -2.52266065e-08 -1.53488385e-06 -1.24158998e-09 2.24785860e-07
910              4.72104287e-06 2.72080849e-07 2.09175015e-07 6.25360417e-06 2.73215254e-07 -2.50176881e-08 -1.53256129e-06 -1.13440544e-09 2.34192703e-07
920              4.69725289e-06 3.00409099e-07 2.20219373e-07 6.22759052e-06 3.01366528e-07 -2.46334422e-08 -1.53033763e-06 -9.57429217e-10 2.44852815e-07
930              4.67460133e-06 2.78091340e-07 2.31126274e-07 6.20259161e-06 2.80581207e-07 -2.40902697e-08 -1.52799028e-06 -2.48986720e-09 2.55216543e-07
940              4.65131204e-06 3.26121632e-07 2.43086108e-07 6.17691068e-06 3.27500627e-07 -2.36642984e-08 -1.52559864e-06 -1.37899463e-09 2.66750406e-07
950              4.62728640e-06 3.20593591e-07 2.56428498e-07 6.15047434e-06 3.22952235e-07 -2.27835924e-08 -1.52318794e-06 -2.35864460e-09 2.79212090e-07
960              4.60111554e-06 3.21771063e-07 2.67911595e-07 6.12178949e-06 3.24612002e-07 -2.32017721e-08 -1.52067395e-06 -2.84093833e-09 2.91113367e-07
970              4.57490165e-06 3.63300924e-07 2.81093859e-07 6.09300977e-06 3.65350810e-07 -2.31441571e-08 -1.51810813e-06 -2.04988570e-09 3.04238016e-07
980              4.54856681e-06 3.37544913e-07 2.94479484e-07 6.06396813e-06 3.41271394e-07 -2.26729620e-08 -1.51540132e-06 -3.72648096e-09 3.17152446e-07
990              4.52281704e-06 3.72661262e-07 3.07131787e-07 6.03541623e-06 3.75634871e-07 -2.32132438e-08 -1.51259919e-06 -2.97360899e-09 3.30345031e-07
1000             4.49802457e-06 3.85033802e-07 3.21422164e-07 6.00779407e-06 3.88528190e-07 -2.29996066e-08 -1.50976951e-06 -3.49438840e-09 3.44421770e-07
1010             4.47304142e-06 3.72902370e-07 3.34829107e-07 5.97987839e-06 3.77503557e-07 -2.31884511e-08 -1.50683696e-06 -4.60118696e-09 3.58017558e-07
1020             4.45050569e-06 4.21656307e-07 3.47705437e-07 5.95444910e-06 4.25061247e-07 -2.40382876e-08 -1.50394341e-06 -3.40494056e-09 3.71743724e-07
1030             4.43074597e-06 4.01850708e-07 3.61624193e-07 5.93179120e-06 4.06839609e-07 -2.41307543e-08 -1.50104523e-06 -4.98890148e-09 3.85754947e-07
1040             4.41172048e-06 4.21626123e-07 3.74733444e-07 5.90934979e-06 4.26585101e-07 -2.47455903e-08 -1.49762931e-06 -4.95897746e-09 3.99479034e-07
1050             4.39109733e-06 4.52213039e-07 3.88569786e-07 5.88532811e-06 4.56950532e-07 -2.52243526e-08 -1.49423078e-06 -4.73749337e-09 4.13794138e-07
1060             4.36930013e-06 4.27449495e-07 4.02581395e-07 5.86004326e-06 4.33848904e-07 -2.54658984e-08 -1.49074313e-06 -6.39940863e-09 4.28047293e-07
1070             4.34670385e-06 4.73281996e-07 4.15131347e-07 5.83404201e-06 4.78439077e-07 -2.70223085e-08 -1.48733815e-06 -5.15708060e-09 4.42153656e-07
1080             4.32558496e-06 4.64235198e-07 4.28182252e-07 5.80946863e-06 4.70228968e-07 -2.81703092e-08 -1.48388367e-06 -5.99376987e-09 4.56352561e-07
1090             4.30285480e-06 4.63192091e-07 4.41691417e-07 5.78308588e-06 4.69946892e-07 -2.85628291e-08 -1.48023108e-06 -6.75480169e-09 4.70254246e-07
1100             4.27961189e-06 5.05681953e-07 4.54349592e-07 5.75590814e-06 5.11419213e-07 -2.98299130e-08 -1.47629625e-06 -5.73725935e-09 4.84179505e-07
1110             4.25667590e-06 4.73633396e-07 4.66609576e-07 5.72902896e-06 4.81210322e-07 -3.07121425e-08 -1.47235307e-06 -7.57692597e-09 4.97321718e-07
1120             4.23373984e-06 5.05468460e-07 4.77927575e-07 5.70205051e-06 5.12287101e-07 -3.21898221e-08 -1.46831067e-06 -6.81864094e-09 5.10117397e-07
1130             4.21280472e-06 5.17080918e-07 4.88908102e-07 5.67681639e-06 5.24035367e-07 -3.36968405e-08 -1.46401167e-06 -6.95444934e-09 5.22604942e-07
1140             4.19103387e-06 4.95063075e-07 5.01125465e-07 5.65067863e-06 5.03517551e-07 -3.37275701e-08 -1.45964475e-06 -8.45447634e-09 5.34853035e-07
1150             4.16936751e-06 5.42145457e-07 5.11558633e-07 5.62450050e-06 5.49150788e-07 -3.51105809e-08 -1.45513299e-06 -7.00533093e-09 5.46669214e-07
1160             4.14910047e-06 5.12459630e-07 5.21451173e-07 5.59983370e-06 5.20761409e-07 -3.61461610e-08 -1.45073323e-06 -8.30177912e-09 5.57597334e-07
1170             4.13045709e-06 5.18228154e-07 5.31501956e-07 5.57675535e-06 5.26390008e-07 -3.67826562e-08 -1.44629825e-06 -8.16185387e-09 5.68284613e-07
1180             4.11057040e-06 5.44896986e-07 5.40427582e-07 5.55196360e-06 5.52169075e-07 -3.84171511e-08 -1.44139320e-06 -7.27208892e-09 5.78844733e-07
1190             4.08760494e-06 5.02208483e-07 5.50003490e-07 5.52413398e-06 5.11356548e-07 -3.91457646e-08 -1.43652904e-06 -9.14806494e-09 5.89149255e-07
1200             4.06306480e-06 5.41072318e-07 5.59145328e-07 5.49460459e-06 5.48982573e-07 -4.06710344e-08 -1.43153980e-06 -7.91025548e-09 5.99816363e-07
1210             4.03752978e-06 5.27198619e-07 5.66580156e-07 5.46411365e-06 5.35914065e-07 -4.32979324e-08 -1.42658388e-06 -8.71544558e-09 6.09878088e-07
1220             4.01022213e-06 5.05019703e-07 5.75646058e-07 5.43162392e-06 5.14920933e-07 -4.41369360e-08 -1.42140179e-06 -9.90123031e-09 6.19782994e-07
1230             3.98186759e-06 5.44770630e-07 5.83266283e-07 5.39796778e-06 5.53512202e-07 -4.66612559e-08 -1.41610019e-06 -8.74157103e-09 6.29927539e-07
1240             3.95336958e-06 4.95633344e-07 5.90620566e-07 5.36395589e-06 5.06789748e-07 -4.86105271e-08 -1.41058631e-06 -1.11564038e-08 6.39231093e-07
1250             3.92446944e-06 5.13617419e-07 5.99264215e-07 5.32949137e-06 5.24517961e-07 -4.96194350e-08 -1.40502193e-06 -1.09005418e-08 6.48883650e-07
1260             3.89813601e-06 5.26616736e-07 6.05247822e-07 5.29732678e-06 5.37582328e-07 -5.26354081e-08 -1.39919077e-06 -1.09655922e-08 6.57883230e-07
1270             3.87194814e-06 4.81846334e-07 6.11890044e-07 5.26517714e-06 4.94945058e-07 -5.43227778e-08 -1.39322900e-06 -1.30987245e-08 6.66212822e-07
1280             3.84693526e-06 5.30994614e-07 6.17736848e-07 5.23396767e-06 5.42636600e-07 -5.71537292e-08 -1.38703242e-06 -1.16419867e-08 6.74890577e-07
1290             3.82038204e-06 4.98138061e-07 6.21178260e-07 5.20102348e-06 5.11446522e-07 -6.14222964e-08 -1.38064145e-06 -1.33084610e-08 6.82600556e-07
1300             3.79313689e-06 4.87188927e-07 6.26787805e-07 5.16734178e-06 5.01160409e-07 -6.37226940e-08 -1.37420489e-06 -1.39714820e-08 6.90510499e-07
1310             3.76747843e-06 5.24319694e-07 6.29485968e-07 5.13503035e-06 5.36933417e-07 -6.84037804e-08 -1.36755192e-06 -1.26137230e-08 6.97889748e-07
1320             3.73951521e-06 4.62954308e-07 6.31621824e-07 5.10010758e-06 4.78042489e-07 -7.25477857e-08 -1.36059237e-06 -1.50881813e-08 7.04169610e-07
1330             3.70993172e-06 4.93652521e-07 6.35443053e-07 5.06349041e-06 5.07475689e-07 -7.55181664e-08 -1.35355869e-06 -1.38231678e-08 7.10961219e-07
1340             3.68265073e-06 4.86990103e-07 6.35668586e-07 5.02874809e-06 5.01150112e-07 -8.13523143e-08 -1.34609736e-06 -1.41600091e-08 7.17020900e-07
1350             3.65149514e-06 4.38939703e-07 6.37135784e-07 4.99006331e-06 4.55074889e-07 -8.48954515e-08 -1.33856817e-06 -1.61351859e-08 7.22031236e-07
1360             3.62284789e-06 4.93534675e-07 6.38136075e-07 4.95358561e-06 5.07588631e-07 -8.96910904e-08 -1.33073772e-06 -1.40539565e-08 7.27827165e-07
1370             3.59293059e-06 4.43936646e-07 6.35706375e-07 4.91553662e-06 4.60035895e-07 -9.64889600e-08 -1.32260603e-06 -1.60992491e-08 7.32195335e-07
1380             3.56292558e-06 4.46861614e-07 6.36450260e-07 4.87727298e-06 4.62989127e-07 -1.00744756e-07 -1.31434739e-06 -1.61275132e-08 7.37195016e-07
1390             3.53838995e-06 4.85761720e-07 6.33501382e-07 4.84412378e-06 5.00642628e-07 -1.08798477e-07 -1.30573383e-06 -1.48809082e-08 7.42299858e-07
1400             3.51318660e-06 4.22536798e-07 6.30506192e-07 4.81000828e-06 4.40187399e-07 -1.15660741e-07 -1.29682168e-06 -1.76506020e-08 7.46166933e-07
1410             3.49061287e-06 4.75960049e-07 6.28917246e-07 4.77850725e-06 4.91717676e-07 -1.21929850e-07 -1.28789438e-06 -1.57576268e-08 7.50847096e-07
1420             3.46990434e-06 4.63182757e-07 6.22002149e-07 4.74848755e-06 4.79638266e-07 -1.32865413e-07 -1.27858321e-06 -1.64555080e-08 7.54867562e-07
1430             3.44849752e-06 4.22236927e-07 6.17884041e-07 4.71767451e-06 4.40541042e-07 -1.40340724e-07 -1.26917698e-06 -1.83041147e-08 7.58224765e-07
1440             3.43364319e-06 4.88694239e-07 6.12889698e-07 4.69342218e-06 5.04386233e-07 -1.49546392e-07 -1.25977899e-06 -1.56919942e-08 7.62436090e-07
1450             3.41665279e-06 4.28303249e-07 6.04949222e-07 4.66674927e-06 4.46327441e-07 -1.60690172e-07 -1.25009649e-06 -1.80241918e-08 7.65639394e-07
1460             3.39981789e-06 4.43574551e-07 6.00846455e-07 4.64036517e-06 4.60764077e-07 -1.68544985e-07 -1.24054728e-06 -1.71895266e-08 7.69391439e-07
1470             3.38677929e-06 4.79800502e-07 5.93262520e-07 4.61759577e-06 4.95595487e-07 -1.80372227e-07 -1.23081649e-06 -1.57949851e-08 7.73634747e-07
1480             3.36974537e-06 4.09843996e-07 5.86925048e-07 4.59086062e-06 4.28710475e-07 -1.90311839e-07 -1.22111525e-06 -1.88664798e-08 7.77236888e-07
1490             3.35762941e-06 4.76603570e-07 5.82500463e-07 4.56903727e-06 4.92968029e-07 -1.99553582e-07 -1.21140786e-06 -1.63644591e-08 7.82054045e-07
1500             3.34890848e-06 4.57390488e-07 5.73164131e-07 4.55051140e-06 4.74681110e-07 -2.13376059e-07 -1.20160292e-06 -1.72906225e-08 7.86540190e-07
1510             3.33800119e-06 4.23189046e-07 5.67855241e-07 4.52984477e-06 4.42028735e-07 -2.22809350e-07 -1.19184358e-06 -1.88396890e-08 7.90664591e-07
1520             3.33404907e-06 4.96110788e-07 5.61059647e-07 4.51610040e-06 5.12023772e-07 -2.35140723e-07 -1.18205134e-06 -1.59129840e-08 7.96200371e-07
1530             3.33001435e-06 4.28116175e-07 5.52310526e-07 4.50218514e-06 4.46915345e-07 -2.48647932e-07 -1.17217079e-06 -1.87991701e-08 8.00958458e-07
1540             3.32491233e-06 4.55268810e-07 5.49189949e-07 4.48725561e-06 4.73046959e-07 -2.57420955e-07 -1.16234328e-06 -1.77781486e-08 8.06610903e-07
1550             3.32666736e-06 4.89964036e-07 5.41352554e-07 4.47928339e-06 5.06273551e-07 -2.71764922e-07 -1.15261602e-06 -1.63095145e-08 8.13117476e-07
1560             3.32408758e-06 4.17608981e-07 5.35833784e-07 4.46701914e-06 4.36958696e-07 -2.83039123e-07 -1.14293156e-06 -1.93497150e-08 8.18872907e-07
1570             3.32292395e-06 4.91972724e-07 5.34101980e-07 4.45643781e-06 5.08265647e-07 -2.92133234e-07 -1.13351385e-06 -1.62929238e-08 8.26235214e-07
1580             3.32580720e-06 4.66192430e-07 5.26989461e-07 4.44982027e-06 4.83572660e-07 -3.06857842e-07 -1.12401306e-06 -1.73802307e-08 8.33847303e-07
1590             3.32355681e-06 4.38353323e-07 5.25990607e-07 4.43831138e-06 4.57084010e-07 -3.15355342e-07 -1.11475457e-06 -1.87306870e-08 8.41345949e-07
1600             3.32761661e-06 5.19913284e-07 5.25419936e-07 4.43328597e-06 5.35463534e-07 -3.25725874e-07 -1.10566936e-06 -1.55502497e-08 8.51145809e-07
1610             3.33107446e-06 4.53844044e-07 5.23799194e-07 4.42774965e-06 4.72479582e-07 -3.36904119e-07 -1.09667519e-06 -1.86355377e-08 8.60703313e-07
1620             3.33184671e-06 4.94176672e-07 5.29701954e-07 4.41995453e-06 5.11708495e-07 -3.41501025e-07 -1.08810782e-06 -1.75318224e-08 8.71202979e-07
1630             3.34178735e-06 5.36035635e-07 5.31435925e-07 4.42145846e-06 5.52347115e-07 -3.51862526e-07 -1.07967111e-06 -1.63114799e-08 8.83298450e-07
1640             3.34634544e-06 4.72940694e-07 5.37353843e-07 4.41798848e-06 4.92667226e-07 -3.57635180e-07 -1.07164303e-06 -1.97265325e-08 8.94989023e-07
1650             3.35383158e-06 5.61280382e-07 5.47689958e-07 4.41786600e-06 5.78230000e-07 -3.60740009e-07 -1.06403442e-06 -1.69496176e-08 9.08429967e-07
1660             3.36660903e-06 5.44322826e-07 5.53972571e-07 4.42330325e-06 5.62912571e-07 -3.68714735e-07 -1.05669421e-06 -1.85897446e-08 9.22687306e-07
1670             3.37254625e-06 5.27018272e-07 5.68136733e-07 4.42260948e-06 5.47546675e-07 -3.68737904e-07 -1.05006323e-06 -2.05284025e-08 9.36874637e-07
1680             3.38582408e-06 6.16760209e-07 5.82128835e-07 4.42954161e-06 6.34638496e-07 -3.71253136e-07 -1.04371753e-06 -1.78782865e-08 9.53381971e-07
1690             3.39934271e-06 5.61104647e-07 5.95485582e-07 4.43699920e-06 5.82657469e-07 -3.74188957e-07 -1.03765649e-06 -2.15528215e-08 9.69674539e-07
1700             3.40997960e-06 6.11870132e-07 6.16456467e-07 4.44235145e-06 6.32847634e-07 -3.69823499e-07 -1.03237185e-06 -2.09775021e-08 9.86279966e-07
1710             3.42911856e-06 6.66906185e-07 6.33074397e-07 4.45646934e-06 6.87081417e-07 -3.71106792e-07 -1.02735078e-06 -2.01752326e-08 1.00418119e-06
1720             3.44375450e-06 6.17828844e-07 6.51790986e-07 4.46673472e-06 6.41730337e-07 -3.69018585e-07 -1.02298022e-06 -2.39014925e-08 1.02080957e-06
1730             3.46013913e-06 7.14039069e-07 6.73785294e-07 4.47923421e-06 7.35472272e-07 -3.64586694e-07 -1.01909508e-06 -2.14332034e-08 1.03837199e-06
1740             3.48135596e-06 7.11895747e-07 6.91040634e-07 4.49679729e-06 7.34907764e-07 -3.64985605e-07 -1.01544133e-06 -2.30120175e-08 1.05602624e-06
1750             3.49619180e-06 7.04067664e-07 7.13908255e-07 4.50873483e-06 7.29117579e-07 -3.58743891e-07 -1.01254303e-06 -2.50499148e-08 1.07265215e-06
1760             3.51658115e-06 7.99984508e-07 7.35389807e-07 4.52648103e-06 8.22510323e-07 -3.54983909e-07 -1.00989987e-06 -2.25258145e-08 1.09037372e-06
1770             3.53537922e-06 7.55443832e-07 7.54517536e-07 4.54307469e-06 7.81454016e-07 -3.52791612e-07 -1.00769548e-06 -2.60101837e-08 1.10730915e-06
1780             3.54873827e-06 8.02349168e-07 7.79014289e-07 4.55481607e-06 8.27992852e-07 -3.44567127e-07 -1.00607780e-06 -2.56436832e-08 1.12358142e-06
1790             3.56779032e-06 8.56902767e-07 7.97626931e-07 4.57239572e-06 8.81466293e-07 -3.42853225e-07 -1.00460540e-06 -2.45635256e-08 1.14048016e-06
1800             3.58125697e-06 8.09253566e-07 8.18004930e-07 4.58480950e-06 8.37310129e-07 -3.37815338e-07 -1.00355253e-06 -2.80565635e-08 1.15582027e-06
1810             3.59436457e-06 8.94019587e-07 8.39713754e-07 4.59710266e-06 9.19621562e-07 -3.31400584e-07 -1.00273809e-06 -2.56019743e-08 1.17111434e-06
1820             3.61194944e-06 8.92015280e-07 8.54936381e-07 4.61388226e-06 9.18671093e-07 -3.31226609e-07 -1.00193282e-06 -2.66558130e-08 1.18616299e-06
1830             3.62317296e-06 8.78743177e-07 8.75456048e-07 4.62460766e-06 9.07124106e-07 -3.24415088e-07 -1.00143470e-06 -2.83809292e-08 1.19987114e-06
1840             3.63773726e-06 9.62556257e-07 8.92567215e-07 4.63875398e-06 9.88150709e-07 -3.21485097e-07 -1.00101671e-06 -2.55944516e-08 1.21405231e-06
1850             3.65225638e-06 9.21534958e-07 9.06298631e-07 4.65287795e-06 9.49712897e-07 -3.21101419e-07 -1.00062158e-06 -2.81779385e-08 1.22740005e-06
1860             3.66161108e-06 9.58544887e-07 9.24322802e-07 4.66202717e-06 9.86030659e-07 -3.15741224e-07 -1.00041608e-06 -2.74857726e-08 1.24006403e-06
1870             3.67548915e-06 1.00719827e-06 9.35793013e-07 4.67567112e-06 1.03321036e-06 -3.17379924e-07 -1.00018197e-06 -2.60120857e-08 1.25317294e-06
1880             3.68526965e-06 9.61751673e-07 9.48367822e-07 4.68525931e-06 9.90611765e-07 -3.16725883e-07 -9.99989652e-07 -2.88600917e-08 1.26509370e-06
1890             3.69390988e-06 1.03116250e-06 9.62166247e-07 4.69378094e-06 1.05790303e-06 -3.15091690e-07 -9.99871060e-07 -2.67405272e-08 1.27725794e-06
1900             3.70543079e-06 1.02978206e-06 9.70078846e-07 4.70515675e-06 1.05722730e-06 -3.19593266e-07 -9.99725960e-07 -2.74452356e-08 1.28967211e-06
1910             3.71149449e-06 1.01467761e-06 9.82702032e-07 4.71106561e-06 1.04334177e-06 -3.18626413e-07 -9.99571117e-07 -2.86641651e-08 1.30132845e-06
1920             3.72057577e-06 1.08486066e-06 9.93077344e-07 4.71976830e-06 1.11082496e-06 -3.20768109e-07 -9.99192535e-07 -2.59643020e-08 1.31384545e-06
1930             3.72961941e-06 1.04980615e-06 1.00156609e-06 4.72826944e-06 1.07760186e-06 -3.24488872e-07 -9.98650037e-07 -2.77957127e-08 1.32605496e-06
1940             3.73397833e-06 1.07586746e-06 1.01467704e-06 4.73200012e-06 1.10297419e-06 -3.23561374e-07 -9.98021789e-07 -2.71067270e-08 1.33823841e-06
1950             3.74220893e-06 1.11575794e-06 1.02291530e-06 4.73952491e-06 1.14130128e-06 -3.28049482e-07 -9.97315984e-07 -2.55433477e-08 1.35096478e-06
1960             3.74662997e-06 1.07725723e-06 1.03292804e-06 4.74311050e-06 1.10475777e-06 -3.30374920e-07 -9.96480534e-07 -2.75005485e-08 1.36330296e-06
1970             3.75017322e-06 1.13296564e-06 1.04477277e-06 4.74570694e-06 1.15831087e-06 -3.31220167e-07 -9.95533725e-07 -2.53452305e-08 1.37599293e-06
1980             3.75664730e-06 1.13338846e-06 1.05163430e-06 4.75105404e-06 1.15879767e-06 -3.37138162e-07 -9.94406740e-07 -2.54092097e-08 1.38877247e-06
1990             3.75828137e-06 1.11883709e-06 1.06311198e-06 4.75136175e-06 1.14521863e-06 -3.38324674e-07 -9.93080381e-07 -2.63815361e-08 1.40143665e-06
2000             3.76283259e-06 1.17641003e-06 1.07301553e-06 4.75449158e-06 1.20034962e-06 -3.41594342e-07 -9.91658986e-07 -2.39395828e-08 1.41460987e-06
