# Force and moment coefficients
# dragDir       : (0.00000000e+00 0.00000000e+00 1.00000000e+00)
# sideDir       : (1.00000000e+00 0.00000000e+00 0.00000000e+00)
# liftDir       : (0.00000000e+00 1.00000000e+00 0.00000000e+00)
# rollAxis      : (0.00000000e+00 0.00000000e+00 1.00000000e+00)
# pitchAxis     : (1.00000000e+00 0.00000000e+00 0.00000000e+00)
# yawAxis       : (0.00000000e+00 1.00000000e+00 0.00000000e+00)
# magUInf       : 1.00000000e+00
# lRef          : 2.00000000e-02
# Aref          : 4.00000000e-04
# CofR          : (0.00000000e+00 0.00000000e+00 0.00000000e+00)
#
# Time          	Cd              	Cd(f)           	Cd(r)           	Cl              	Cl(f)           	Cl(r)           	CmPitch         	CmRoll          	CmYaw           	Cs              	Cs(f)           	Cs(r)           
10              	8.24310653e-02	4.11237623e-02	4.13073030e-02	3.29783830e-03	8.06743198e-04	2.49109510e-03	-8.42175953e-04	-9.17703447e-05	8.97344841e-05	-9.22244086e-04	-3.71387559e-04	-5.50856527e-04
20              	-2.20114328e-02	-1.10194310e-02	-1.09920017e-02	-3.96855246e-04	-6.78937641e-04	2.82082395e-04	-4.80510018e-04	-1.37146587e-05	5.06917872e-04	-2.85734502e-04	3.64050620e-04	-6.49785123e-04
30              	1.51737493e-02	7.57639105e-03	7.59735828e-03	-7.52690776e-04	-4.27159022e-04	-3.25531754e-04	-5.08136341e-05	-1.04836129e-05	4.92234078e-04	-5.95987718e-04	1.94240219e-04	-7.90227937e-04
40              	1.16413059e-02	5.81572958e-03	5.82557632e-03	-6.25743489e-04	-3.97670805e-04	-2.28072684e-04	-8.47990602e-05	-4.92336897e-06	-3.73749893e-04	-2.48656110e-04	-4.98077948e-04	2.49421838e-04
50              	1.03510826e-02	5.17260812e-03	5.17847452e-03	-8.21928725e-04	-3.87304618e-04	-4.34624106e-04	2.36597440e-05	-2.93319792e-06	-2.59887192e-04	-2.79790543e-04	-3.99782464e-04	1.19991921e-04
60              	1.08488267e-02	5.42220632e-03	5.42662036e-03	-9.77219579e-04	-4.03894838e-04	-5.73324741e-04	8.47149515e-05	-2.20701813e-06	-2.38720215e-04	1.48739488e-04	-1.64350471e-04	3.13089959e-04
70              	1.03722706e-02	5.18748245e-03	5.18478811e-03	-1.13898508e-03	-4.65686526e-04	-6.73298556e-04	1.03806015e-04	1.34717138e-06	-2.14690141e-04	-2.41481122e-04	-3.35430702e-04	9.39495800e-05
80              	1.02804486e-02	5.14355804e-03	5.13689058e-03	-1.17961781e-03	-4.51714011e-04	-7.27903801e-04	1.38094895e-04	3.33372711e-06	-2.51419780e-04	-8.50908511e-04	-6.76874035e-04	-1.74034476e-04
90              	1.03288301e-02	5.17018191e-03	5.15864822e-03	-1.27458532e-03	-4.61517739e-04	-8.13067583e-04	1.75774922e-04	5.76684089e-06	-3.09525395e-04	-1.52840561e-03	-1.07372820e-03	-4.54677408e-04
100             	1.04492298e-02	5.23008405e-03	5.21914576e-03	-1.57189274e-03	-5.74047727e-04	-9.97845013e-04	2.11898643e-04	5.46914400e-06	-3.27538151e-04	-1.79563126e-03	-1.22535378e-03	-5.70277481e-04
110             	1.05869254e-02	5.29671388e-03	5.29021149e-03	-2.02935833e-03	-7.84695671e-04	-1.24466266e-03	2.29983494e-04	3.25119664e-06	-2.99397197e-04	-1.38866128e-03	-9.93727839e-04	-3.94933444e-04
120             	1.06801042e-02	5.34089099e-03	5.33921319e-03	-2.39918421e-03	-9.62452950e-04	-1.43673127e-03	2.37139158e-04	8.38900543e-07	-2.57456430e-04	-7.36139757e-04	-6.25526309e-04	-1.10613449e-04
130             	1.07148041e-02	5.35772749e-03	5.35707662e-03	-2.46583097e-03	-1.01113712e-03	-1.45469385e-03	2.21778363e-04	3.25435625e-07	-2.33346000e-04	-3.60052091e-04	-4.13372046e-04	5.33199548e-05
140             	1.07407861e-02	5.37225748e-03	5.36852863e-03	-2.19053319e-03	-9.11749882e-04	-1.27878331e-03	1.83516714e-04	1.86442723e-06	-2.37103011e-04	-4.06881343e-04	-4.40543683e-04	3.36623396e-05
150             	1.07629702e-02	5.38504938e-03	5.37792086e-03	-1.78763487e-03	-7.45159589e-04	-1.04247528e-03	1.48657846e-04	3.56426162e-06	-2.51573811e-04	-6.59233767e-04	-5.81190695e-04	-7.80430722e-05
160             	1.07733291e-02	5.39044766e-03	5.38288149e-03	-1.50026466e-03	-6.15903150e-04	-8.84361507e-04	1.34229179e-04	3.78308583e-06	-2.45389151e-04	-7.94651173e-04	-6.42714738e-04	-1.51936435e-04
170             	1.07686208e-02	5.38717356e-03	5.38144727e-03	-1.38416485e-03	-5.60425211e-04	-8.23739634e-04	1.31657211e-04	2.86314248e-06	-2.11638001e-04	-6.69536897e-04	-5.46406450e-04	-1.23130447e-04
180             	1.07506998e-02	5.37715829e-03	5.37354151e-03	-1.36938056e-03	-5.58972143e-04	-8.10408415e-04	1.25718136e-04	1.80838622e-06	-1.75803567e-04	-3.76708259e-04	-3.64157696e-04	-1.25505622e-05
190             	1.07236435e-02	5.36306543e-03	5.36057803e-03	-1.35207316e-03	-5.64026975e-04	-7.88046183e-04	1.12009604e-04	1.24370029e-06	-1.56797675e-04	-1.11057652e-04	-2.12326502e-04	1.01268849e-04
200             	1.06916231e-02	5.34699141e-03	5.34463173e-03	-1.28021158e-03	-5.45306540e-04	-7.34905043e-04	9.47992513e-05	1.17983754e-06	-1.50964420e-04	2.83753547e-05	-1.36776742e-04	1.65152097e-04
210             	1.06601192e-02	5.33127912e-03	5.32884013e-03	-1.16838158e-03	-5.03718718e-04	-6.64662860e-04	8.04720710e-05	1.21949381e-06	-1.44731821e-04	7.14174036e-05	-1.09023119e-04	1.80440522e-04
220             	1.06303314e-02	5.31631934e-03	5.31401205e-03	-1.06470090e-03	-4.59703858e-04	-6.04997040e-04	7.26465912e-05	1.15364293e-06	-1.30916976e-04	1.04671217e-04	-7.85813670e-05	1.83252584e-04
230             	1.06045566e-02	5.30326916e-03	5.30128748e-03	-1.00255131e-03	-4.32050970e-04	-5.70500343e-04	6.92246864e-05	9.90839114e-07	-1.11209883e-04	1.89156972e-04	-1.66313973e-05	2.05788369e-04
240             	1.05841041e-02	5.29281099e-03	5.29129307e-03	-9.80380177e-04	-4.23654729e-04	-5.56725448e-04	6.65353598e-05	7.58960629e-07	-9.16958442e-05	3.23935747e-04	7.02720295e-05	2.53663718e-04
250             	1.05688241e-02	5.28495693e-03	5.28386720e-03	-9.73801763e-04	-4.23759496e-04	-5.50042267e-04	6.31413857e-05	5.44865383e-07	-7.66045921e-05	4.66238006e-04	1.56514411e-04	3.09723595e-04
260             	1.05576372e-02	5.27922576e-03	5.27841149e-03	-9.58757887e-04	-4.19953806e-04	-5.38804081e-04	5.94251377e-05	4.07136468e-07	-6.52399776e-05	5.80041596e-04	2.24780820e-04	3.55260775e-04
270             	1.05510052e-02	5.27583959e-03	5.27516558e-03	-9.31208646e-04	-4.08672998e-04	-5.22535648e-04	5.69313250e-05	3.37003239e-07	-5.36110052e-05	6.65423710e-04	2.79100850e-04	3.86322860e-04
280             	1.05494727e-02	5.27497888e-03	5.27449385e-03	-9.05279877e-04	-3.96024593e-04	-5.09255284e-04	5.66153458e-05	2.42512502e-07	-3.95898451e-05	7.48203328e-04	3.34511819e-04	4.13691509e-04
290             	1.05528851e-02	5.27655986e-03	5.27632527e-03	-8.96684308e-04	-3.90196223e-04	-5.06488084e-04	5.81459305e-05	1.17295722e-07	-2.39000784e-05	8.52050605e-04	4.02125224e-04	4.49925381e-04
300             	1.05602171e-02	5.28010150e-03	5.28011559e-03	-9.08860976e-04	-3.94049184e-04	-5.14811792e-04	6.03813043e-05	-7.04491109e-09	-8.52123082e-06	9.77451509e-04	4.80204524e-04	4.97246985e-04
310             	1.05701155e-02	5.28494272e-03	5.28517282e-03	-9.30265505e-04	-4.03106217e-04	-5.27159288e-04	6.20265358e-05	-1.15047985e-07	4.89312082e-06	1.10524398e-03	5.57515110e-04	5.47728868e-04
320             	1.05815494e-02	5.29054579e-03	5.29100363e-03	-9.46007482e-04	-4.10367359e-04	-5.35640123e-04	6.26363818e-05	-2.28921742e-07	1.61801112e-05	1.21480362e-03	6.23581922e-04	5.91221700e-04
330             	1.05950011e-02	5.29717398e-03	5.29782708e-03	-9.48886597e-04	-4.11989273e-04	-5.36897324e-04	6.24540256e-05	-3.26549622e-07	2.61009069e-05	1.30104047e-03	6.76621141e-04	6.24419328e-04
340             	1.06103122e-02	5.30473869e-03	5.30557347e-03	-9.44432935e-04	-4.09938395e-04	-5.34494540e-04	6.22780723e-05	-4.17387522e-07	3.55301106e-05	1.37483714e-03	7.22948679e-04	6.51888458e-04
350             	1.06269432e-02	5.31295710e-03	5.31398609e-03	-9.41987993e-04	-4.08507463e-04	-5.33480530e-04	6.24865339e-05	-5.14496499e-07	4.48148580e-05	1.44901786e-03	7.69323785e-04	6.79694070e-04
360             	1.06439474e-02	5.32136089e-03	5.32258655e-03	-9.44388119e-04	-4.09387823e-04	-5.35000296e-04	6.28062364e-05	-6.12826947e-07	5.33103520e-05	1.52585131e-03	8.16236009e-04	7.09615305e-04
370             	1.06601509e-02	5.32937292e-03	5.33077800e-03	-9.47846227e-04	-4.11084222e-04	-5.36762005e-04	6.28388910e-05	-7.02537483e-07	5.99826928e-05	1.59615016e-03	8.58057771e-04	7.38092385e-04
380             	1.06749225e-02	5.33669313e-03	5.33822937e-03	-9.46867550e-04	-4.11158342e-04	-5.35709207e-04	6.22754323e-05	-7.68120050e-07	6.45288342e-05	1.64913482e-03	8.89096247e-04	7.60038578e-04
390             	1.06881844e-02	5.34328126e-03	5.34490317e-03	-9.39461124e-04	-4.08528389e-04	-5.30932735e-04	6.12021734e-05	-8.10953464e-07	6.73515329e-05	1.68271164e-03	9.08707352e-04	7.74004286e-04
400             	1.06998927e-02	5.34910062e-03	5.35079208e-03	-9.28194189e-04	-4.04148230e-04	-5.24045959e-04	5.99488641e-05	-8.45730683e-07	6.91313217e-05	1.70337311e-03	9.20817875e-04	7.82555232e-04
410             	1.07099913e-02	5.35411683e-03	5.35587451e-03	-9.17003617e-04	-3.99700175e-04	-5.17303442e-04	5.88016333e-05	-8.78841298e-07	7.03672956e-05	1.71944680e-03	9.30090695e-04	7.89356104e-04
420             	1.07185295e-02	5.35834816e-03	5.36018131e-03	-9.07842365e-04	-3.96138383e-04	-5.11703982e-04	5.77827992e-05	-9.16572715e-07	7.11647356e-05	1.73446262e-03	9.38396045e-04	7.96066574e-04
430             	1.07255640e-02	5.36182549e-03	5.36373853e-03	-8.99643441e-04	-3.93074034e-04	-5.06569407e-04	5.67476867e-05	-9.56520561e-07	7.13390061e-05	1.74645805e-03	9.44568032e-04	8.01890020e-04
440             	1.07312230e-02	5.36461778e-03	5.36660525e-03	-8.90377411e-04	-3.89611367e-04	-5.00766044e-04	5.55773381e-05	-9.93735456e-07	7.07507222e-05	1.75196371e-03	9.46732579e-04	8.05231135e-04
450             	1.07356546e-02	5.36680067e-03	5.36885392e-03	-8.79461932e-04	-3.85427830e-04	-4.94034102e-04	5.43031357e-05	-1.02662673e-06	6.95533007e-05	1.75006163e-03	9.44584116e-04	8.05477515e-04
460             	1.07391247e-02	5.36850726e-03	5.37061739e-03	-8.68072114e-04	-3.80988415e-04	-4.87083699e-04	5.30476422e-05	-1.05506430e-06	6.81015725e-05	1.74336327e-03	9.39783206e-04	8.03580061e-04
470             	1.07418343e-02	5.36983586e-03	5.37199849e-03	-8.57887171e-04	-3.77014772e-04	-4.80872400e-04	5.19288138e-05	-1.08131690e-06	6.66637330e-05	1.73545470e-03	9.34391083e-04	8.01063617e-04
480             	1.07439559e-02	5.37087189e-03	5.37308404e-03	-8.49647706e-04	-3.73857349e-04	-4.75790358e-04	5.09665046e-05	-1.10607710e-06	6.53201696e-05	1.72828786e-03	9.29464099e-04	7.98823760e-04
490             	1.07456525e-02	5.37169841e-03	5.37395408e-03	-8.42892167e-04	-3.71338862e-04	-4.71553305e-04	5.01072217e-05	-1.12783191e-06	6.40221732e-05	1.72162547e-03	9.24834907e-04	7.96790561e-04
500             	1.07471092e-02	5.37240911e-03	5.37470006e-03	-8.36784786e-04	-3.69077164e-04	-4.67707623e-04	4.93152295e-05	-1.14547441e-06	6.27133939e-05	1.71432913e-03	9.19877959e-04	7.94451171e-04
510             	1.07484782e-02	5.37308141e-03	5.37539683e-03	-8.31026293e-04	-3.66906232e-04	-4.64120060e-04	4.86069140e-05	-1.15771221e-06	6.14174128e-05	1.70597696e-03	9.14405891e-04	7.91571065e-04
520             	1.07498718e-02	5.37377070e-03	5.37610107e-03	-8.26030303e-04	-3.64977627e-04	-4.61052676e-04	4.80375248e-05	-1.16518573e-06	6.02204890e-05	1.69735823e-03	9.08899603e-04	7.88458625e-04
530             	1.07513677e-02	5.37451467e-03	5.37685305e-03	-8.22367544e-04	-3.63539939e-04	-4.58827605e-04	4.76438333e-05	-1.16918858e-06	5.91937926e-05	1.68966571e-03	9.04026648e-04	7.85639063e-04
540             	1.07530177e-02	5.37533732e-03	5.37768038e-03	-8.20212961e-04	-3.62693497e-04	-4.57519464e-04	4.74129833e-05	-1.17153430e-06	5.83411859e-05	1.68349249e-03	9.00087429e-04	7.83405057e-04
550             	1.07548711e-02	5.37626343e-03	5.37860771e-03	-8.19258161e-04	-3.62323570e-04	-4.56934591e-04	4.73055101e-05	-1.17213954e-06	5.76180511e-05	1.67859139e-03	8.96913744e-04	7.81677642e-04
560             	1.07569720e-02	5.37731504e-03	5.37965699e-03	-8.19055677e-04	-3.62234096e-04	-4.56821581e-04	4.72937421e-05	-1.17097889e-06	5.69798565e-05	1.67434746e-03	8.94153588e-04	7.80193875e-04
570             	1.07593412e-02	5.37850284e-03	5.38083839e-03	-8.19396034e-04	-3.62324482e-04	-4.57071552e-04	4.73735352e-05	-1.16777538e-06	5.64099255e-05	1.67039579e-03	8.91607823e-04	7.78787972e-04
580             	1.07619722e-02	5.37982295e-03	5.38214925e-03	-8.20363181e-04	-3.62630011e-04	-4.57733170e-04	4.75515797e-05	-1.16314782e-06	5.59169540e-05	1.66680004e-03	8.89316973e-04	7.77483065e-04
590             	1.07648430e-02	5.38126340e-03	5.38357959e-03	-8.22102374e-04	-3.63227105e-04	-4.58875269e-04	4.78240823e-05	-1.15809310e-06	5.55136544e-05	1.66384624e-03	8.87436773e-04	7.76409464e-04
600             	1.07679330e-02	5.38281383e-03	5.38511921e-03	-8.24601580e-04	-3.64131167e-04	-4.60470413e-04	4.81696231e-05	-1.15268885e-06	5.51909874e-05	1.66166065e-03	8.86021313e-04	7.75639338e-04
610             	1.07712179e-02	5.38446198e-03	5.38675592e-03	-8.27637953e-04	-3.65259528e-04	-4.62378425e-04	4.85594482e-05	-1.14697015e-06	5.49216103e-05	1.66008186e-03	8.84962538e-04	7.75119318e-04
620             	1.07746778e-02	5.38619791e-03	5.38847989e-03	-8.30944094e-04	-3.66497331e-04	-4.64446764e-04	4.89747167e-05	-1.14098789e-06	5.46794754e-05	1.65881132e-03	8.84085136e-04	7.74726185e-04
630             	1.07782815e-02	5.38800610e-03	5.39027537e-03	-8.34372186e-04	-3.67777703e-04	-4.66594483e-04	4.94083903e-05	-1.13463169e-06	5.44502698e-05	1.65764065e-03	8.83270596e-04	7.74370056e-04
640             	1.07820031e-02	5.38987350e-03	5.39212963e-03	-8.37908126e-04	-3.69096189e-04	-4.68811937e-04	4.98578738e-05	-1.12806296e-06	5.42333779e-05	1.65654837e-03	8.82507563e-04	7.74040807e-04
650             	1.07858134e-02	5.39178526e-03	5.39402819e-03	-8.41584399e-04	-3.70473748e-04	-4.71110652e-04	5.03184519e-05	-1.12146560e-06	5.40316499e-05	1.65560604e-03	8.81834672e-04	7.73771372e-04
660             	1.07896878e-02	5.39372896e-03	5.39595879e-03	-8.45370964e-04	-3.71906623e-04	-4.73464341e-04	5.07788594e-05	-1.11491483e-06	5.38421925e-05	1.65484533e-03	8.81264857e-04	7.73580472e-04
670             	1.07936032e-02	5.39569294e-03	5.39791026e-03	-8.49150842e-04	-3.73350958e-04	-4.75799883e-04	5.12244625e-05	-1.10866244e-06	5.36567378e-05	1.65420716e-03	8.80760319e-04	7.73446843e-04
680             	1.07975432e-02	5.39766874e-03	5.39987442e-03	-8.52810295e-04	-3.74756738e-04	-4.78053556e-04	5.16484091e-05	-1.10283972e-06	5.34681870e-05	1.65358851e-03	8.80262442e-04	7.73326068e-04
690             	1.08014923e-02	5.39964877e-03	5.40184355e-03	-8.56285831e-04	-3.76094512e-04	-4.80191320e-04	5.20484040e-05	-1.09738844e-06	5.32738847e-05	1.65292499e-03	8.79736380e-04	7.73188611e-04
700             	1.08054420e-02	5.40162859e-03	5.40381337e-03	-8.59578844e-04	-3.77363784e-04	-4.82215060e-04	5.24256380e-05	-1.09238918e-06	5.30764073e-05	1.65221979e-03	8.79186301e-04	7.73033486e-04
710             	1.08093831e-02	5.40360373e-03	5.40577938e-03	-8.62713833e-04	-3.78577128e-04	-4.84136705e-04	5.27797882e-05	-1.08782153e-06	5.28792284e-05	1.65151411e-03	8.78636283e-04	7.72877826e-04
720             	1.08133113e-02	5.40557194e-03	5.40773940e-03	-8.65690137e-04	-3.79736622e-04	-4.85953514e-04	5.31084461e-05	-1.08372976e-06	5.26850017e-05	1.65083946e-03	8.78104731e-04	7.72734728e-04
730             	1.08172240e-02	5.40753174e-03	5.40969223e-03	-8.68480982e-04	-3.80831531e-04	-4.87649450e-04	5.34089595e-05	-1.08024633e-06	5.24928368e-05	1.65019541e-03	8.77590540e-04	7.72604867e-04
740             	1.08211157e-02	5.40948060e-03	5.41163513e-03	-8.71050282e-04	-3.81846429e-04	-4.89203853e-04	5.36787118e-05	-1.07726420e-06	5.23019478e-05	1.64956529e-03	8.77084593e-04	7.72480697e-04
750             	1.08249898e-02	5.41142019e-03	5.41356961e-03	-8.73390027e-04	-3.82775383e-04	-4.90614644e-04	5.39196308e-05	-1.07470965e-06	5.21141735e-05	1.64894430e-03	8.76586325e-04	7.72357978e-04
760             	1.08288505e-02	5.41335274e-03	5.41549771e-03	-8.75516716e-04	-3.83624269e-04	-4.91892447e-04	5.41340893e-05	-1.07248416e-06	5.19356581e-05	1.64835945e-03	8.76115384e-04	7.72244068e-04
770             	1.08326979e-02	5.41527850e-03	5.41741944e-03	-8.77451663e-04	-3.84402516e-04	-4.93049147e-04	5.43233158e-05	-1.07047135e-06	5.17697931e-05	1.64784179e-03	8.75690690e-04	7.72151104e-04
780             	1.08365347e-02	5.41719864e-03	5.41933608e-03	-8.79203388e-04	-3.85114685e-04	-4.94088703e-04	5.44870091e-05	-1.06872069e-06	5.16191474e-05	1.64741952e-03	8.75328906e-04	7.72090611e-04
790             	1.08403658e-02	5.41911559e-03	5.42125022e-03	-8.80770022e-04	-3.85758493e-04	-4.95011529e-04	5.46265183e-05	-1.06731132e-06	5.14847836e-05	1.64711547e-03	8.75042518e-04	7.72072951e-04
800             	1.08441953e-02	5.42103139e-03	5.42316392e-03	-8.82152819e-04	-3.86332277e-04	-4.95820542e-04	5.47441324e-05	-1.06626085e-06	5.13663854e-05	1.64693833e-03	8.74835549e-04	7.72102778e-04
810             	1.08480257e-02	5.42294732e-03	5.42507835e-03	-8.83365410e-04	-3.86840036e-04	-4.96525374e-04	5.48426693e-05	-1.06551716e-06	5.12632524e-05	1.64688453e-03	8.74705520e-04	7.72179015e-04
820             	1.08518604e-02	5.42486514e-03	5.42699525e-03	-8.84430301e-04	-3.87290305e-04	-4.97139997e-04	5.49248459e-05	-1.06505606e-06	5.11748335e-05	1.64694687e-03	8.74648271e-04	7.72298604e-04
830             	1.08557002e-02	5.42678523e-03	5.42891493e-03	-8.85368273e-04	-3.87691644e-04	-4.97676629e-04	5.49924925e-05	-1.06484690e-06	5.11016867e-05	1.64712597e-03	8.74664672e-04	7.72461299e-04
840             	1.08595503e-02	5.42871030e-03	5.43084001e-03	-8.86191508e-04	-3.88049331e-04	-4.98142177e-04	5.50464228e-05	-1.06485569e-06	5.10443094e-05	1.64742579e-03	8.74757207e-04	7.72668588e-04
850             	1.08634079e-02	5.43063879e-03	5.43276910e-03	-8.86908268e-04	-3.88366024e-04	-4.98542244e-04	5.50881103e-05	-1.06515308e-06	5.10016079e-05	1.64784672e-03	8.74924968e-04	7.72921752e-04
860             	1.08672764e-02	5.43257247e-03	5.43470389e-03	-8.87521829e-04	-3.88642062e-04	-4.98879767e-04	5.51188527e-05	-1.06570610e-06	5.09725712e-05	1.64838465e-03	8.75164899e-04	7.73219756e-04
870             	1.08711579e-02	5.43451250e-03	5.43664543e-03	-8.88041222e-04	-3.88880141e-04	-4.99161082e-04	5.51404706e-05	-1.06646734e-06	5.09559703e-05	1.64903196e-03	8.75471953e-04	7.73560012e-04
880             	1.08750522e-02	5.43645871e-03	5.43859346e-03	-8.88478380e-04	-3.89085009e-04	-4.99393370e-04	5.51541806e-05	-1.06737757e-06	5.09510670e-05	1.64978035e-03	8.75841243e-04	7.73939109e-04
890             	1.08789580e-02	5.43841054e-03	5.44054744e-03	-8.88846181e-04	-3.89262103e-04	-4.99584077e-04	5.51609870e-05	-1.06844599e-06	5.09570724e-05	1.65062247e-03	8.76268308e-04	7.74354164e-04
900             	1.08828750e-02	5.44036782e-03	5.44250718e-03	-8.89154285e-04	-3.89415533e-04	-4.99738752e-04	5.51616097e-05	-1.06968060e-06	5.09731600e-05	1.65155243e-03	8.76749376e-04	7.74803056e-04
910             	1.08868024e-02	5.44233009e-03	5.44447227e-03	-8.89409179e-04	-3.89547879e-04	-4.99861300e-04	5.51567105e-05	-1.07108770e-06	5.09984242e-05	1.65256434e-03	8.77280592e-04	7.75283744e-04
920             	1.08907395e-02	5.44429708e-03	5.44644241e-03	-8.89615681e-04	-3.89660822e-04	-4.99954858e-04	5.51470181e-05	-1.07266530e-06	5.10319436e-05	1.65365129e-03	8.77857588e-04	7.75793700e-04
930             	1.08946857e-02	5.44626845e-03	5.44841726e-03	-8.89779305e-04	-3.89756268e-04	-5.00023037e-04	5.51333850e-05	-1.07440175e-06	5.10727810e-05	1.65480546e-03	8.78475512e-04	7.76329950e-04
940             	1.08986399e-02	5.44824365e-03	5.45039622e-03	-8.89907135e-04	-3.89836912e-04	-5.00070223e-04	5.51166556e-05	-1.07628243e-06	5.11200774e-05	1.65601933e-03	8.79129741e-04	7.76889587e-04
950             	1.09026013e-02	5.45022234e-03	5.45237892e-03	-8.90006450e-04	-3.89905713e-04	-5.00100737e-04	5.50975117e-05	-1.07829201e-06	5.11730920e-05	1.65728627e-03	8.79816227e-04	7.77470043e-04
960             	1.09065692e-02	5.45220417e-03	5.45436504e-03	-8.90083155e-04	-3.89965110e-04	-5.00118045e-04	5.50764676e-05	-1.08043495e-06	5.12312038e-05	1.65860073e-03	8.80531567e-04	7.78069160e-04
970             	1.09105431e-02	5.45418888e-03	5.45635424e-03	-8.90141363e-04	-3.90016811e-04	-5.00124552e-04	5.50538707e-05	-1.08267618e-06	5.12938190e-05	1.65995792e-03	8.81272780e-04	7.78685142e-04
980             	1.09145220e-02	5.45617600e-03	5.45834600e-03	-8.90184261e-04	-3.90061968e-04	-5.00122293e-04	5.50301622e-05	-1.08500293e-06	5.13602685e-05	1.66135279e-03	8.82036664e-04	7.79316126e-04
990             	1.09185054e-02	5.45816529e-03	5.46034012e-03	-8.90214893e-04	-3.90101734e-04	-5.00113160e-04	5.50057131e-05	-1.08741794e-06	5.14299128e-05	1.66278033e-03	8.82820078e-04	7.79960252e-04
1000            	1.09224929e-02	5.46015656e-03	5.46233639e-03	-8.90236641e-04	-3.90137423e-04	-5.00099217e-04	5.49808970e-05	-1.08991398e-06	5.15022142e-05	1.66423536e-03	8.83619892e-04	7.80615464e-04
